1000	542.909
1000.2	539.636
1000.4	536.545
1000.6	536.545
1000.8	530
1001	529.545
1001.2	523.909
1001.4	517.909
1001.6	517.636
1001.8	517.273
1002	523.273
1002.2	517.636
1002.4	515.727
1002.6	517.455
1002.8	517.545
1003	522.182
1003.2	519.727
1003.4	521.273
1003.6	524.545
1003.8	526.364
1004	525.273
1004.2	523.727
1004.4	523.364
1004.6	521.545
1004.8	519.455
1005	513.455
1005.2	508.273
1005.4	504.545
1005.6	509.545
1005.8	511
1006	506.455
1006.2	503.636
1006.4	503.545
1006.6	506.455
1006.8	508.636
1007	510.636
1007.2	512.273
1007.4	513.091
1007.6	517.273
1007.8	510.545
1008	509.273
1008.2	510.273
1008.4	511.727
1008.6	513.545
1008.8	516.818
1009	517.182
1009.2	515.636
1009.4	514.273
1009.6	519.727
1009.8	516.455
1010	517.545
1010.2	519.364
1010.4	518.909
1010.6	521.727
1010.8	518.182
1011	514.909
1011.2	518.364
1011.4	520.182
1011.6	520.727
1011.8	518.545
1012	524.909
1012.2	526.364
1012.4	521.727
1012.6	524.727
1012.8	524.182
1013	529.909
1013.2	531.091
1013.4	526.909
1013.6	526.455
1013.8	528
1014	526.727
1014.2	520.091
1014.4	522.909
1014.6	527.091
1014.8	526
1015	524.818
1015.2	518.182
1015.4	512
1015.6	512
1015.8	509.727
1016	512
1016.2	512.091
1016.4	511.273
1016.6	507.273
1016.8	504.909
1017	506.273
1017.2	511
1017.4	512.364
1017.6	518.455
1017.8	518.909
1018	517
1018.2	514.818
1018.4	510.909
1018.6	514.091
1018.8	519.091
1019	520.636
1019.2	516.636
1019.4	512.364
1019.6	506
1019.8	501.909
1020	501.636
1020.2	503.455
1020.4	505.727
1020.6	510.364
1020.8	505.364
1021	501.455
1021.2	502.364
1021.4	507.273
1021.6	512.182
1021.8	519.455
1022	523.182
1022.2	525
1022.4	522.727
1022.6	522.182
1022.8	523.455
1023	526.545
1023.2	528.182
1023.4	532.636
1023.6	527.909
1023.8	523.636
1024	526.091
1024.2	525.273
1024.4	525.455
1024.6	537.455
1024.8	538.364
1025	537.545
1025.2	539.818
1025.4	543.364
1025.6	536.545
1025.8	541.091
1026	544
1026.2	542.182
1026.4	544.273
1026.6	546.182
1026.8	540.909
1027	539.727
1027.2	541.818
1027.4	541.909
1027.6	539.273
1027.8	540.727
1028	538.727
1028.2	533.455
1028.4	535.455
1028.6	533.909
1028.8	534.091
1029	527.364
1029.2	527.818
1029.4	527.091
1029.6	529.545
1029.8	534.182
1030	535.545
1030.2	534.909
1030.4	536.091
1030.6	535.273
1030.8	535.364
1031	532.091
1031.2	535.182
1031.4	535.636
1031.6	533.909
1031.8	529.182
1032	519.636
1032.2	522.545
1032.4	524.545
1032.6	527.909
1032.8	528.818
1033	528
1033.2	529.727
1033.4	532.455
1033.6	529.273
1033.8	529.636
1034	533.636
1034.2	536.636
1034.4	533.636
1034.6	534.364
1034.8	537
1035	532
1035.2	533.818
1035.4	535.455
1035.6	534.818
1035.8	535.545
1036	535.727
1036.2	535.636
1036.4	539.909
1036.6	536.636
1036.8	534.727
1037	532.091
1037.2	534.727
1037.4	532.909
1037.6	534
1037.8	533.182
1038	538.727
1038.2	538.455
1038.4	541.364
1038.6	539.455
1038.8	541.545
1039	543.455
1039.2	544
1039.4	546.091
1039.6	549.909
1039.8	549.818
1040	551.545
1040.2	547.364
1040.4	553
1040.6	551.273
1040.8	554.909
1041	557.455
1041.2	557
1041.4	550.909
1041.6	551.545
1041.8	549.091
1042	548.727
1042.2	547.727
1042.4	546.818
1042.6	537.636
1042.8	536.182
1043	533.909
1043.2	529.545
1043.4	525.818
1043.6	534.909
1043.8	534.182
1044	534.818
1044.2	535.364
1044.4	534.636
1044.6	534.273
1044.8	539.727
1045	542.364
1045.2	541.091
1045.4	542.182
1045.6	546.727
1045.8	544.818
1046	547.364
1046.2	547.636
1046.4	545.364
1046.6	545.818
1046.8	549.727
1047	548.091
1047.2	547.455
1047.4	549.364
1047.6	556.273
1047.8	558.455
1048	560.091
1048.2	559
1048.4	560.364
1048.6	561.273
1048.8	560.091
1049	563.182
1049.2	567.455
1049.4	564.727
1049.6	565.636
1049.8	566.182
1050	566
1050.2	562.364
1050.4	564
1050.6	565.182
1050.8	567.909
1051	570.455
1051.2	566.909
1051.4	567.182
1051.6	569.182
1051.8	570.727
1052	561.545
1052.2	561.636
1052.4	564.091
1052.6	562.091
1052.8	567
1053	565.273
1053.2	563.091
1053.4	564.818
1053.6	567.182
1053.8	567.636
1054	567.727
1054.2	572.909
1054.4	572
1054.6	572.182
1054.8	571.818
1055	565.455
1055.2	566.909
1055.4	573.909
1055.6	575.455
1055.8	571.818
1056	570.273
1056.2	568.545
1056.4	571.455
1056.6	570.182
1056.8	568.182
1057	569.091
1057.2	569
1057.4	567
1057.6	561.909
1057.8	558.909
1058	558.091
1058.2	560.182
1058.4	560.545
1058.6	559.091
1058.8	564.455
1059	568
1059.2	572.727
1059.4	576.364
1059.6	579.636
1059.8	581.091
1060	579.909
1060.2	582.091
1060.4	581.818
1060.6	577.182
1060.8	574
1061	576.455
1061.2	579
1061.4	570.727
1061.6	570.818
1061.8	572.364
1062	570.545
1062.2	572.545
1062.4	572.818
1062.6	572.545
1062.8	575.455
1063	585.636
1063.2	576.909
1063.4	570
1063.6	573
1063.8	570.727
1064	571.636
1064.2	577.182
1064.4	576.909
1064.6	577.273
1064.8	580.727
1065	586.364
1065.2	579.364
1065.4	581.455
1065.6	584.273
1065.8	587.091
1066	589.091
1066.2	589.636
1066.4	588.091
1066.6	586.727
1066.8	589.091
1067	589.182
1067.2	582.636
1067.4	583.818
1067.6	588.091
1067.8	584.455
1068	582.909
1068.2	587
1068.4	582.727
1068.6	582.818
1068.8	585.091
1069	586.636
1069.2	586.364
1069.4	593.909
1069.6	592
1069.8	590.273
1070	594.727
1070.2	595.818
1070.4	592.364
1070.6	591.909
1070.8	587.636
1071	585.636
1071.2	579.364
1071.4	579.455
1071.6	574.091
1071.8	580.182
1072	579.909
1072.2	581.818
1072.4	581.182
1072.6	574.455
1072.8	572.636
1073	578.909
1073.2	578.909
1073.4	584.182
1073.6	583.727
1073.8	587.455
1074	585.636
1074.2	588.364
1074.4	587.091
1074.6	591.182
1074.8	597.182
1075	602.727
1075.2	601.091
1075.4	604
1075.6	599
1075.8	601.273
1076	595.909
1076.2	595
1076.4	590
1076.6	586.273
1076.8	584.545
1077	584.636
1077.2	577.455
1077.4	579.455
1077.6	580.182
1077.8	578.455
1078	576.182
1078.2	578.909
1078.4	578.364
1078.6	582.364
1078.8	585.727
1079	581.636
1079.2	582.091
1079.4	589.091
1079.6	591.364
1079.8	598.909
1080	601.091
1080.2	602.273
1080.4	601.091
1080.6	601.818
1080.8	601.727
1081	603.273
1081.2	610.273
1081.4	613.636
1081.6	616.364
1081.8	610.818
1082	603.636
1082.2	605.545
1082.4	604.364
1082.6	606.545
1082.8	604.182
1083	606.727
1083.2	610.091
1083.4	602.636
1083.6	597
1083.8	591.636
1084	593.545
1084.2	594.273
1084.4	597.364
1084.6	600.545
1084.8	598.364
1085	598.455
1085.2	599.182
1085.4	593.909
1085.6	599.182
1085.8	602.818
1086	608.636
1086.2	608.636
1086.4	607.818
1086.6	608.273
1086.8	608.545
1087	612.636
1087.2	618.455
1087.4	615.909
1087.6	620
1087.8	620.818
1088	620.273
1088.2	619.273
1088.4	620.545
1088.6	622.909
1088.8	625.182
1089	628.818
1089.2	628.091
1089.4	625.636
1089.6	629.364
1089.8	628.909
1090	628.636
1090.2	630.545
1090.4	629.545
1090.6	633.273
1090.8	637.091
1091	638.091
1091.2	637.909
1091.4	639.727
1091.6	644.727
1091.8	645.818
1092	648.273
1092.2	654.818
1092.4	660.545
1092.6	661.364
1092.8	664.273
1093	665.273
1093.2	668.182
1093.4	665.182
1093.6	662.636
1093.8	661.182
1094	655.909
1094.2	660.364
1094.4	661
1094.6	659.727
1094.8	658.727
1095	660.182
1095.2	655.364
1095.4	653.818
1095.6	657.455
1095.8	664.091
1096	664.545
1096.2	671.455
1096.4	673.364
1096.6	670.727
1096.8	667.545
1097	672
1097.2	671.273
1097.4	674.727
1097.6	674.545
1097.8	675.091
1098	673.182
1098.2	673.182
1098.4	672
1098.6	670.364
1098.8	669.364
1099	669.909
1099.2	666.909
1099.4	669.636
1099.6	670.818
1099.8	671.182
1100	670.545
1100.2	672.273
1100.4	678.364
1100.6	681.364
1100.8	680.909
1101	687.182
1101.2	693
1101.4	694.818
1101.6	694.455
1101.8	698
1102	703.182
1102.2	703.545
1102.4	705.636
1102.6	704.182
1102.8	702
1103	706.909
1103.2	703.818
1103.4	707.818
1103.6	705.909
1103.8	701.182
1104	704.909
1104.2	703
1104.4	705
1104.6	705.909
1104.8	710.818
1105	715.091
1105.2	715.091
1105.4	717.909
1105.6	712.273
1105.8	720.636
1106	722.091
1106.2	717.273
1106.4	717.182
1106.6	721.727
1106.8	721
1107	719.455
1107.2	721.818
1107.4	720.636
1107.6	723.455
1107.8	723.182
1108	724.182
1108.2	728.182
1108.4	730.727
1108.6	734.818
1108.8	736.909
1109	741.455
1109.2	743.727
1109.4	741
1109.6	739.818
1109.8	740.455
1110	745.091
1110.2	744.091
1110.4	747.636
1110.6	757.364
1110.8	759
1111	763
1111.2	763.818
1111.4	765.909
1111.6	774
1111.8	779.727
1112	789.364
1112.2	795.818
1112.4	806.909
1112.6	809.818
1112.8	812.545
1113	818.273
1113.2	819
1113.4	827.182
1113.6	832.273
1113.8	831.364
1114	843.727
1114.2	842.909
1114.4	851.545
1114.6	860.273
1114.8	872.182
1115	878.909
1115.2	887.727
1115.4	897.909
1115.6	905
1115.8	912.909
1116	920.273
1116.2	927.636
1116.4	936.455
1116.6	946.364
1116.8	947.545
1117	952.636
1117.2	954
1117.4	956.273
1117.6	967.364
1117.8	969.909
1118	971.636
1118.2	979.455
1118.4	983.364
1118.6	987.818
1118.8	983.727
1119	993
1119.2	999.636
1119.4	1006.55
1119.6	1012.27
1119.8	1003.09
1120	1011.45
1120.2	1022.45
1120.4	1034.73
1120.6	1044
1120.8	1046.55
1121	1060.82
1121.2	1066.36
1121.4	1070.18
1121.6	1071.27
1121.8	1073.27
1122	1084.27
1122.2	1093
1122.4	1095.27
1122.6	1092.82
1122.8	1094
1123	1097.82
1123.2	1096.64
1123.4	1096.18
1123.6	1097
1123.8	1101.18
1124	1111
1124.2	1116.64
1124.4	1115.91
1124.6	1118.64
1124.8	1125.45
1125	1125.82
1125.2	1128.18
1125.4	1130.18
1125.6	1123.45
1125.8	1128.36
1126	1127.55
1126.2	1122.73
1126.4	1118.82
1126.6	1114.64
1126.8	1115.91
1127	1113.45
1127.2	1106.82
1127.4	1104.18
1127.6	1096
1127.8	1096.64
1128	1087.18
1128.2	1085.64
1128.4	1080.64
1128.6	1080
1128.8	1079.36
1129	1074.18
1129.2	1070.45
1129.4	1068.09
1129.6	1065.36
1129.8	1063.91
1130	1064.73
1130.2	1071
1130.4	1067.64
1130.6	1066
1130.8	1054.18
1131	1042
1131.2	1034.27
1131.4	1026.73
1131.6	1022.64
1131.8	1010.82
1132	1006.27
1132.2	996.545
1132.4	981.455
1132.6	972.545
1132.8	971.455
1133	980.727
1133.2	981.182
1133.4	975.636
1133.6	975.545
1133.8	968.909
1134	972.091
1134.2	966.545
1134.4	968.818
1134.6	968.364
1134.8	968.273
1135	961.727
1135.2	949.727
1135.4	952.636
1135.6	950.818
1135.8	946.818
1136	949.636
1136.2	944.455
1136.4	944.909
1136.6	940.545
1136.8	936.636
1137	932.182
1137.2	932.182
1137.4	933.273
1137.6	929.091
1137.8	927.364
1138	921.091
1138.2	921.727
1138.4	927.545
1138.6	923.818
1138.8	928.818
1139	926.364
1139.2	928.909
1139.4	929.909
1139.6	926.545
1139.8	925.909
1140	930
1140.2	933.727
1140.4	929.182
1140.6	930.909
1140.8	937.091
1141	928.273
1141.2	934.727
1141.4	935.091
1141.6	933
1141.8	935.545
1142	934.727
1142.2	930.909
1142.4	928.909
1142.6	930.909
1142.8	930
1143	926.455
1143.2	930.091
1143.4	924.636
1143.6	921.545
1143.8	919.727
1144	914.727
1144.2	912.818
1144.4	912.455
1144.6	911.182
1144.8	907.091
1145	902.727
1145.2	901.545
1145.4	900.091
1145.6	903
1145.8	909.727
1146	910.455
1146.2	910.364
1146.4	910.818
1146.6	912.273
1146.8	913.455
1147	913.273
1147.2	907.727
1147.4	909.182
1147.6	906.273
1147.8	907.455
1148	903.727
1148.2	900.273
1148.4	903.727
1148.6	900
1148.8	900.182
1149	902.727
1149.2	905.091
1149.4	906.182
1149.6	898.727
1149.8	897
1150	897.364
1150.2	895.909
1150.4	899
1150.6	893.545
1150.8	896.909
1151	888.727
1151.2	880.636
1151.4	870.636
1151.6	866.455
1151.8	866.273
1152	869.727
1152.2	864.091
1152.4	857.636
1152.6	853.273
1152.8	858.909
1153	857
1153.2	862.091
1153.4	858.364
1153.6	862.727
1153.8	864.818
1154	870.091
1154.2	865
1154.4	864
1154.6	865.545
1154.8	864.273
1155	856.636
1155.2	849.182
1155.4	845.909
1155.6	851.909
1155.8	846.636
1156	843.727
1156.2	836.182
1156.4	831.818
1156.6	826.727
1156.8	828.182
1157	821.364
1157.2	822.636
1157.4	826.909
1157.6	824.909
1157.8	819.182
1158	817.545
1158.2	817.636
1158.4	818.818
1158.6	823.091
1158.8	820.273
1159	814.364
1159.2	819
1159.4	817
1159.6	811.727
1159.8	813.364
1160	808.818
1160.2	811.273
1160.4	811.182
1160.6	810.727
1160.8	810.545
1161	812.909
1161.2	815.364
1161.4	813.727
1161.6	817.091
1161.8	818.273
1162	815.636
1162.2	827.727
1162.4	827.909
1162.6	826.727
1162.8	823.545
1163	822
1163.2	819.545
1163.4	820.818
1163.6	822.364
1163.8	818.091
1164	814.909
1164.2	812.545
1164.4	802.545
1164.6	794.545
1164.8	797.727
1165	801.636
1165.2	803.727
1165.4	808.364
1165.6	804.727
1165.8	804
1166	796.818
1166.2	801.182
1166.4	802.273
1166.6	798.182
1166.8	803.727
1167	800.818
1167.2	797.091
1167.4	791.455
1167.6	787.727
1167.8	790.273
1168	786.182
1168.2	793.273
1168.4	793.727
1168.6	788.909
1168.8	795.909
1169	794.818
1169.2	791.273
1169.4	789.818
1169.6	792
1169.8	792.545
1170	791.545
1170.2	793.091
1170.4	792
1170.6	786.364
1170.8	789.364
1171	788.727
1171.2	786.818
1171.4	789.727
1171.6	789
1171.8	786.636
1172	782.818
1172.2	781.091
1172.4	784.455
1172.6	783.455
1172.8	785.909
1173	785.182
1173.2	783.909
1173.4	780.455
1173.6	776.455
1173.8	779.455
1174	782.909
1174.2	784.636
1174.4	780.909
1174.6	776.909
1174.8	776.545
1175	775.273
1175.2	773.909
1175.4	776.545
1175.6	777.636
1175.8	778.818
1176	776.455
1176.2	774
1176.4	774.636
1176.6	774.273
1176.8	778.364
1177	776.455
1177.2	772.727
1177.4	775.091
1177.6	767.364
1177.8	771.818
1178	771.273
1178.2	769.636
1178.4	767.455
1178.6	765.091
1178.8	770.091
1179	762.455
1179.2	762.545
1179.4	768.455
1179.6	767.727
1179.8	773.091
1180	773.909
1180.2	777.545
1180.4	777.455
1180.6	784.182
1180.8	784.091
1181	780.545
1181.2	782.364
1181.4	786.364
1181.6	786.091
1181.8	786.455
1182	781.091
1182.2	784.818
1182.4	783.636
1182.6	786.455
1182.8	778.636
1183	773.909
1183.2	777
1183.4	777
1183.6	776.364
1183.8	774.636
1184	776.273
1184.2	783
1184.4	777.455
1184.6	770
1184.8	776.455
1185	778.909
1185.2	785.182
1185.4	783.727
1185.6	786.545
1185.8	789.545
1186	785
1186.2	780
1186.4	779
1186.6	783.182
1186.8	787.545
1187	778.182
1187.2	773
1187.4	772.455
1187.6	772
1187.8	767.909
1188	761.273
1188.2	760.818
1188.4	763.182
1188.6	760.909
1188.8	757.818
1189	759.636
1189.2	762.727
1189.4	767.727
1189.6	767.818
1189.8	766.091
1190	764.636
1190.2	766
1190.4	772.182
1190.6	770.727
1190.8	771.818
1191	767.909
1191.2	769
1191.4	764.091
1191.6	764.364
1191.8	770.636
1192	775
1192.2	778.818
1192.4	782.364
1192.6	786
1192.8	786.182
1193	784.182
1193.2	784.455
1193.4	781.545
1193.6	785.909
1193.8	780.909
1194	775.091
1194.2	775.727
1194.4	770.364
1194.6	762
1194.8	754
1195	751
1195.2	748.182
1195.4	750.273
1195.6	753
1195.8	754.727
1196	760
1196.2	759.636
1196.4	761.455
1196.6	765.545
1196.8	770.636
1197	773.273
1197.2	774.545
1197.4	785.636
1197.6	788.364
1197.8	787.818
1198	790
1198.2	789.455
1198.4	792.182
1198.6	788.182
1198.8	791.273
1199	796.727
1199.2	794
1199.4	792.364
1199.6	786.182
1199.8	780.909
1200	781
1200.2	777.273
1200.4	774.091
1200.6	770.364
1200.8	775.455
1201	774.182
1201.2	767.545
1201.4	771.364
1201.6	776.364
1201.8	776.455
1202	778.545
1202.2	781.091
1202.4	779.182
1202.6	784.273
1202.8	787.909
1203	778.364
1203.2	773.273
1203.4	773.455
1203.6	776
1203.8	774.455
1204	772.909
1204.2	775.364
1204.4	772.091
1204.6	777.182
1204.8	771.455
1205	768.182
1205.2	773.455
1205.4	779.182
1205.6	781.182
1205.8	779.818
1206	782
1206.2	785.182
1206.4	786.455
1206.6	785.364
1206.8	777.545
1207	779
1207.2	779.091
1207.4	780.182
1207.6	779.364
1207.8	773.273
1208	767.818
1208.2	774.091
1208.4	768.091
1208.6	765.273
1208.8	767.545
1209	772.727
1209.2	779.727
1209.4	778.636
1209.6	778.545
1209.8	778.909
1210	785.636
1210.2	789.273
1210.4	784.182
1210.6	787.091
1210.8	791.636
1211	790.455
1211.2	790.909
1211.4	789
1211.6	789.909
1211.8	791.909
1212	795.818
1212.2	797.727
1212.4	802.091
1212.6	804.909
1212.8	806.455
1213	802.727
1213.2	805.455
1213.4	803.182
1213.6	802.455
1213.8	809.364
1214	805.909
1214.2	800.545
1214.4	801.545
1214.6	799.818
1214.8	804.364
1215	804.636
1215.2	809
1215.4	806.182
1215.6	806
1215.8	802.545
1216	793.545
1216.2	794.364
1216.4	791.545
1216.6	783.455
1216.8	777.636
1217	764.091
1217.2	760.545
1217.4	754.455
1217.6	761.273
1217.8	766
1218	765.455
1218.2	767.727
1218.4	766.636
1218.6	768
1218.8	770.364
1219	776.364
1219.2	780.545
1219.4	783.545
1219.6	787.182
1219.8	782.091
1220	781.273
1220.2	785.545
1220.4	787.273
1220.6	787.636
1220.8	792.818
1221	799.636
1221.2	797
1221.4	797.455
1221.6	797.545
1221.8	794.364
1222	795.727
1222.2	792.636
1222.4	795.636
1222.6	789.545
1222.8	787.091
1223	786.091
1223.2	782.909
1223.4	783.455
1223.6	786.364
1223.8	785.091
1224	785.455
1224.2	782.818
1224.4	784.182
1224.6	774.364
1224.8	781.818
1225	784
1225.2	783.182
1225.4	783.455
1225.6	785.636
1225.8	780.091
1226	783
1226.2	783.818
1226.4	784.455
1226.6	784.364
1226.8	789
1227	790.182
1227.2	790.182
1227.4	793.091
1227.6	790.182
1227.8	787.364
1228	786.727
1228.2	788.364
1228.4	788.273
1228.6	792.182
1228.8	791.636
1229	793
1229.2	789
1229.4	792.455
1229.6	794.364
1229.8	795.545
1230	796.636
1230.2	805.818
1230.4	805.909
1230.6	804.818
1230.8	802.909
1231	805.091
1231.2	808.818
1231.4	810.091
1231.6	810.182
1231.8	804.455
1232	806.273
1232.2	807.273
1232.4	804
1232.6	802.909
1232.8	805.727
1233	804.091
1233.2	804.636
1233.4	802
1233.6	804.273
1233.8	801.273
1234	799.636
1234.2	796.455
1234.4	792.909
1234.6	790.909
1234.8	790
1235	794.909
1235.2	794.091
1235.4	797.455
1235.6	793.182
1235.8	797.273
1236	796.545
1236.2	798.364
1236.4	805.182
1236.6	805.545
1236.8	805
1237	805.455
1237.2	802.636
1237.4	810.909
1237.6	806.182
1237.8	807.636
1238	805.182
1238.2	803.727
1238.4	803.364
1238.6	799.727
1238.8	803.818
1239	801.636
1239.2	802.727
1239.4	799.182
1239.6	794
1239.8	789.091
1240	791.545
1240.2	788.091
1240.4	790.182
1240.6	791.182
1240.8	789.455
1241	789.273
1241.2	794.182
1241.4	784.818
1241.6	779.182
1241.8	776
1242	783.727
1242.2	781.909
1242.4	779.545
1242.6	780
1242.8	778.636
1243	780.545
1243.2	785.455
1243.4	784.818
1243.6	789.636
1243.8	801.727
1244	805.909
1244.2	806.182
1244.4	807.091
1244.6	812.909
1244.8	818.727
1245	821.364
1245.2	821.364
1245.4	815.545
1245.6	816.727
1245.8	823
1246	812.909
1246.2	810.182
1246.4	805.818
1246.6	806.545
1246.8	799.636
1247	793.273
1247.2	791.091
1247.4	791.818
1247.6	789.636
1247.8	789.909
1248	788.818
1248.2	793.909
1248.4	798
1248.6	802.909
1248.8	803.727
1249	809.727
1249.2	813.273
1249.4	815.455
1249.6	813.727
1249.8	817.273
1250	815.727
1250.2	812.273
1250.4	808.273
1250.6	809
1250.8	806.273
1251	807.182
1251.2	804.818
1251.4	805.636
1251.6	806.636
1251.8	805.182
1252	807
1252.2	803.545
1252.4	805.727
1252.6	808.545
1252.8	806.909
1253	808.545
1253.2	810.727
1253.4	811.818
1253.6	804.909
1253.8	804.364
1254	806.909
1254.2	804.364
1254.4	805.909
1254.6	800.545
1254.8	799.727
1255	806.273
1255.2	809
1255.4	807.364
1255.6	803.455
1255.8	807.818
1256	806.545
1256.2	810.364
1256.4	810
1256.6	815.273
1256.8	820.909
1257	825.727
1257.2	817.727
1257.4	818.091
1257.6	820.455
1257.8	826.636
1258	829.455
1258.2	829.545
1258.4	826.727
1258.6	832.727
1258.8	830.182
1259	825.909
1259.2	822.727
1259.4	828.545
1259.6	827.091
1259.8	824.364
1260	819.818
1260.2	812.727
1260.4	818.273
1260.6	818.636
1260.8	817.091
1261	818.273
1261.2	827
1261.4	830
1261.6	819.182
1261.8	814.818
1262	811.818
1262.2	818.364
1262.4	828.909
1262.6	822.636
1262.8	823.545
1263	818.727
1263.2	817.727
1263.4	813.182
1263.6	814
1263.8	819.545
1264	822.727
1264.2	825.545
1264.4	820.091
1264.6	818.455
1264.8	817.182
1265	813.182
1265.2	818.455
1265.4	819.909
1265.6	818
1265.8	816.545
1266	818.091
1266.2	820.727
1266.4	819.364
1266.6	824.545
1266.8	819.091
1267	822.818
1267.2	828.545
1267.4	822.273
1267.6	821.182
1267.8	821.636
1268	823.273
1268.2	825.273
1268.4	824.545
1268.6	832.273
1268.8	829.818
1269	836.364
1269.2	841.455
1269.4	837.455
1269.6	837.364
1269.8	838.364
1270	841.364
1270.2	841.455
1270.4	842.818
1270.6	843.455
1270.8	837.909
1271	838.818
1271.2	833
1271.4	834.364
1271.6	832.727
1271.8	840.636
1272	840.545
1272.2	842.818
1272.4	840.909
1272.6	840.182
1272.8	836.636
1273	835.091
1273.2	830.273
1273.4	831.545
1273.6	825.273
1273.8	829.727
1274	824.273
1274.2	823.364
1274.4	822.455
1274.6	827.727
1274.8	826.091
1275	830.545
1275.2	833.909
1275.4	840.909
1275.6	842.636
1275.8	842.636
1276	842.727
1276.2	845.636
1276.4	849
1276.6	845.364
1276.8	845.182
1277	850.909
1277.2	852.182
1277.4	853.545
1277.6	852.909
1277.8	851.455
1278	854.636
1278.2	857.182
1278.4	857.455
1278.6	858.818
1278.8	861.273
1279	857.182
1279.2	852.273
1279.4	847.455
1279.6	846.364
1279.8	845.455
1280	845.727
1280.2	849.727
1280.4	847.727
1280.6	850
1280.8	850.545
1281	856.545
1281.2	858
1281.4	862.273
1281.6	861
1281.8	862.727
1282	862.091
1282.2	861.636
1282.4	862.182
1282.6	861.182
1282.8	862.727
1283	862.091
1283.2	852.545
1283.4	856.909
1283.6	852
1283.8	856.636
1284	852.182
1284.2	855.636
1284.4	857.909
1284.6	854.636
1284.8	852.545
1285	850.545
1285.2	851.273
1285.4	855.909
1285.6	851.636
1285.8	852.727
1286	860.727
1286.2	866.545
1286.4	869.909
1286.6	874.091
1286.8	881.545
1287	884.182
1287.2	887.091
1287.4	888.818
1287.6	890.636
1287.8	896.545
1288	899.818
1288.2	893.364
1288.4	891.273
1288.6	890.909
1288.8	884.727
1289	881.818
1289.2	886.273
1289.4	885.545
1289.6	885.909
1289.8	887.636
1290	886.727
1290.2	888.909
1290.4	891.545
1290.6	891
1290.8	888.091
1291	890.727
1291.2	887.182
1291.4	888.091
1291.6	886.545
1291.8	880.909
1292	883.636
1292.2	883.545
1292.4	883.182
1292.6	882.091
1292.8	887.455
1293	889.636
1293.2	890.727
1293.4	892
1293.6	895.636
1293.8	897.091
1294	903.636
1294.2	901.727
1294.4	899.091
1294.6	899.727
1294.8	896.091
1295	893.818
1295.2	896.545
1295.4	903.091
1295.6	907.909
1295.8	906.909
1296	910.545
1296.2	909.182
1296.4	911.273
1296.6	913.636
1296.8	911.273
1297	913.364
1297.2	912.727
1297.4	907.091
1297.6	904.273
1297.8	896.182
1298	895.545
1298.2	896.273
1298.4	899.909
1298.6	900.727
1298.8	896
1299	901.455
1299.2	903.545
1299.4	909.455
1299.6	918.091
1299.8	919.091
1300	923.727
1300.2	919.909
1300.4	916.182
1300.6	920
1300.8	919.636
1301	926.545
1301.2	920.818
1301.4	922.818
1301.6	914.364
1301.8	915.273
1302	914.091
1302.2	909.545
1302.4	914.818
1302.6	915.182
1302.8	910.364
1303	908.364
1303.2	910.545
1303.4	912.455
1303.6	911.818
1303.8	911.818
1304	906.091
1304.2	909.636
1304.4	913.727
1304.6	912.455
1304.8	914.909
1305	914
1305.2	914.273
1305.4	912.091
1305.6	914.636
1305.8	915.364
1306	922.182
1306.2	917.636
1306.4	914.636
1306.6	917.364
1306.8	914.273
1307	915.545
1307.2	916.091
1307.4	916.636
1307.6	914.545
1307.8	910.364
1308	913.455
1308.2	909.545
1308.4	917.909
1308.6	919.636
1308.8	918.636
1309	917.364
1309.2	917.273
1309.4	922.909
1309.6	928.364
1309.8	931.909
1310	937.273
1310.2	932
1310.4	939.818
1310.6	946.727
1310.8	948
1311	950.273
1311.2	960.091
1311.4	960.455
1311.6	961.182
1311.8	962.455
1312	964.545
1312.2	968.455
1312.4	978.182
1312.6	979.636
1312.8	976.455
1313	980.182
1313.2	981.364
1313.4	977.818
1313.6	982.364
1313.8	987.636
1314	989.364
1314.2	991
1314.4	991.818
1314.6	992.273
1314.8	996.636
1315	994.091
1315.2	997.545
1315.4	996.273
1315.6	996.455
1315.8	994.455
1316	988.818
1316.2	985.636
1316.4	987.909
1316.6	989.818
1316.8	986.091
1317	988.818
1317.2	993.364
1317.4	995
1317.6	1002.91
1317.8	1005.91
1318	1010.91
1318.2	1016.55
1318.4	1022.27
1318.6	1028.18
1318.8	1027.27
1319	1032.82
1319.2	1028.18
1319.4	1033.73
1319.6	1036
1319.8	1040.18
1320	1040.55
1320.2	1038.91
1320.4	1039.45
1320.6	1038.36
1320.8	1033.27
1321	1036.82
1321.2	1034
1321.4	1032.27
1321.6	1022.82
1321.8	1025.18
1322	1025.45
1322.2	1028.45
1322.4	1025.82
1322.6	1025.18
1322.8	1032.55
1323	1044.55
1323.2	1041.36
1323.4	1045.73
1323.6	1044.45
1323.8	1052.55
1324	1044.36
1324.2	1038.36
1324.4	1038.18
1324.6	1044.91
1324.8	1043.82
1325	1035.36
1325.2	1031.09
1325.4	1040.27
1325.6	1041.91
1325.8	1050.55
1326	1052.45
1326.2	1054.36
1326.4	1061.09
1326.6	1071.09
1326.8	1068
1327	1075.18
1327.2	1081.09
1327.4	1082.36
1327.6	1081.27
1327.8	1084.73
1328	1078.55
1328.2	1077.18
1328.4	1082.55
1328.6	1077.91
1328.8	1076.73
1329	1084.64
1329.2	1080.82
1329.4	1086.45
1329.6	1078.91
1329.8	1075
1330	1075.45
1330.2	1085.55
1330.4	1090.36
1330.6	1096.64
1330.8	1106.64
1331	1102.73
1331.2	1101.55
1331.4	1101.09
1331.6	1100.36
1331.8	1113.36
1332	1115.09
1332.2	1113.45
1332.4	1109.27
1332.6	1106.64
1332.8	1106.36
1333	1102.09
1333.2	1105.55
1333.4	1112.55
1333.6	1119.09
1333.8	1118.64
1334	1110.45
1334.2	1115.09
1334.4	1123.73
1334.6	1128.18
1334.8	1126.55
1335	1118.27
1335.2	1121.55
1335.4	1121
1335.6	1110.09
1335.8	1104.73
1336	1104.18
1336.2	1103.18
1336.4	1098.36
1336.6	1088.82
1336.8	1085.82
1337	1092
1337.2	1095
1337.4	1086.55
1337.6	1087.91
1337.8	1088.36
1338	1090.73
1338.2	1089.73
1338.4	1091.64
1338.6	1088.18
1338.8	1089
1339	1084
1339.2	1081
1339.4	1085.91
1339.6	1092.09
1339.8	1087.55
1340	1089.55
1340.2	1091.91
1340.4	1089.27
1340.6	1082.27
1340.8	1085
1341	1086.18
1341.2	1093.18
1341.4	1093.36
1341.6	1091
1341.8	1092.18
1342	1097.09
1342.2	1096.18
1342.4	1093.18
1342.6	1090.91
1342.8	1099.36
1343	1095.45
1343.2	1091.18
1343.4	1088
1343.6	1085.45
1343.8	1083.64
1344	1082.73
1344.2	1080.91
1344.4	1084.27
1344.6	1086.64
1344.8	1097.36
1345	1093.18
1345.2	1103.82
1345.4	1112
1345.6	1113.73
1345.8	1118.36
1346	1119.73
1346.2	1116.64
1346.4	1115.82
1346.6	1122.09
1346.8	1115.55
1347	1109.82
1347.2	1114.27
1347.4	1108.64
1347.6	1100.55
1347.8	1095.36
1348	1096.36
1348.2	1097.91
1348.4	1102.09
1348.6	1103.64
1348.8	1096.91
1349	1099.64
1349.2	1105.36
1349.4	1100.73
1349.6	1100.36
1349.8	1099.27
1350	1106.36
1350.2	1104.36
1350.4	1102
1350.6	1099.91
1350.8	1100
1351	1100.82
1351.2	1104.64
1351.4	1096.82
1351.6	1097.73
1351.8	1100.09
1352	1107.27
1352.2	1104
1352.4	1106
1352.6	1101.64
1352.8	1102.18
1353	1104.09
1353.2	1101.45
1353.4	1103.18
1353.6	1105.27
1353.8	1109.09
1354	1108.82
1354.2	1101.91
1354.4	1102.64
1354.6	1099.55
1354.8	1106.18
1355	1107.64
1355.2	1106.09
1355.4	1114.55
1355.6	1110.64
1355.8	1115.09
1356	1117
1356.2	1117.55
1356.4	1130.73
1356.6	1128.64
1356.8	1131.45
1357	1125.73
1357.2	1120.73
1357.4	1117.09
1357.6	1109.73
1357.8	1110.36
1358	1112.18
1358.2	1107.82
1358.4	1107.82
1358.6	1096.18
1358.8	1101
1359	1097.82
1359.2	1102.91
1359.4	1111.73
1359.6	1114.73
1359.8	1114.45
1360	1105.55
1360.2	1099.36
1360.4	1097.91
1360.6	1100.36
1360.8	1099.64
1361	1091.45
1361.2	1085.82
1361.4	1085.27
1361.6	1072.45
1361.8	1073
1362	1079.09
1362.2	1080.64
1362.4	1075
1362.6	1072.45
1362.8	1065.27
1363	1071.36
1363.2	1077.55
1363.4	1085.36
1363.6	1085.09
1363.8	1085.55
1364	1082.73
1364.2	1072.36
1364.4	1077.64
1364.6	1082.27
1364.8	1084.18
1365	1088
1365.2	1086.91
1365.4	1084.45
1365.6	1078.64
1365.8	1074.27
1366	1071.18
1366.2	1071.09
1366.4	1081.45
1366.6	1085.18
1366.8	1081.73
1367	1084.91
1367.2	1086.45
1367.4	1082.09
1367.6	1082.73
1367.8	1086.18
1368	1089.64
1368.2	1094.09
1368.4	1094.09
1368.6	1085.73
1368.8	1081.27
1369	1085.45
1369.2	1082.09
1369.4	1079.27
1369.6	1080
1369.8	1078.18
1370	1073.82
1370.2	1065.64
1370.4	1069.55
1370.6	1071.55
1370.8	1076.27
1371	1083
1371.2	1075.73
1371.4	1075.45
1371.6	1076.18
1371.8	1078
1372	1080.27
1372.2	1079.36
1372.4	1079.27
1372.6	1075
1372.8	1062.18
1373	1060
1373.2	1054.55
1373.4	1059.09
1373.6	1058.82
1373.8	1054.82
1374	1051.64
1374.2	1047.73
1374.4	1048.36
1374.6	1050.45
1374.8	1050.09
1375	1055.82
1375.2	1052.91
1375.4	1045.27
1375.6	1038.45
1375.8	1033.09
1376	1031.64
1376.2	1028.91
1376.4	1024.55
1376.6	1021.45
1376.8	1022.64
1377	1021.55
1377.2	1020.82
1377.4	1019.82
1377.6	1028
1377.8	1034.64
1378	1043.09
1378.2	1042.73
1378.4	1043.55
1378.6	1047
1378.8	1048.27
1379	1052.18
1379.2	1047.36
1379.4	1046.82
1379.6	1047.09
1379.8	1038.27
1380	1031.91
1380.2	1025.55
1380.4	1023.73
1380.6	1018
1380.8	1014.73
1381	1013.36
1381.2	1009
1381.4	1012.09
1381.6	1010.55
1381.8	1008.73
1382	1011.91
1382.2	1022.27
1382.4	1019
1382.6	1021.36
1382.8	1025.82
1383	1029.73
1383.2	1030.18
1383.4	1027.36
1383.6	1028.73
1383.8	1029.18
1384	1026.64
1384.2	1024.27
1384.4	1015.73
1384.6	1022.82
1384.8	1019.18
1385	1022.82
1385.2	1019.09
1385.4	1016.27
1385.6	1014.73
1385.8	1006.36
1386	1008
1386.2	1008.45
1386.4	1006.73
1386.6	1005
1386.8	998.636
1387	1003.45
1387.2	997.182
1387.4	992.364
1387.6	993
1387.8	988.545
1388	1000.55
1388.2	995.091
1388.4	994.273
1388.6	997.818
1388.8	1000.27
1389	999.636
1389.2	992.273
1389.4	994
1389.6	995.273
1389.8	994.909
1390	996.364
1390.2	985.545
1390.4	987.818
1390.6	988
1390.8	985.273
1391	981.273
1391.2	979.545
1391.4	980.455
1391.6	978.545
1391.8	981.273
1392	980
1392.2	987.545
1392.4	996.091
1392.6	995.909
1392.8	994.909
1393	992.636
1393.2	990.727
1393.4	994.727
1393.6	997.273
1393.8	995.545
1394	997.364
1394.2	993.364
1394.4	986.545
1394.6	984.455
1394.8	988.636
1395	991.818
1395.2	992.091
1395.4	990.091
1395.6	986.273
1395.8	987.091
1396	982.818
1396.2	984.636
1396.4	993.364
1396.6	993.273
1396.8	992.091
1397	989.636
1397.2	986.091
1397.4	988.273
1397.6	993.545
1397.8	990.636
1398	989.545
1398.2	993.727
1398.4	988.364
1398.6	984.364
1398.8	981.273
1399	981.091
1399.2	974.364
1399.4	975
1399.6	974.545
1399.8	973.909
1400	975.364
1400.2	976.636
1400.4	977.818
1400.6	983.818
1400.8	986.909
1401	990.091
1401.2	990.545
1401.4	995.727
1401.6	997.455
1401.8	993.727
1402	989.818
1402.2	997
1402.4	996.545
1402.6	996.727
1402.8	992.364
1403	990.636
1403.2	990.364
1403.4	996.091
1403.6	999.364
1403.8	997
1404	1003.45
1404.2	1004.55
1404.4	1003
1404.6	1003.91
1404.8	1008.55
1405	1011.55
1405.2	1012.18
1405.4	1014.91
1405.6	1012.73
1405.8	1012.36
1406	1015.64
1406.2	1015.64
1406.4	1019.91
1406.6	1013.64
1406.8	1013.82
1407	1013.36
1407.2	1012.27
1407.4	1009
1407.6	1004.18
1407.8	1000.09
1408	999.909
1408.2	996.545
1408.4	987.364
1408.6	984.455
1408.8	986.364
1409	987
1409.2	982.727
1409.4	982.455
1409.6	984.636
1409.8	990.273
1410	992.182
1410.2	988.636
1410.4	989.818
1410.6	997.545
1410.8	996.091
1411	1003.09
1411.2	1002.64
1411.4	1007.09
1411.6	1012.45
1411.8	1016.27
1412	1019.55
1412.2	1019.55
1412.4	1024.18
1412.6	1026.27
1412.8	1025.18
1413	1033.45
1413.2	1030.73
1413.4	1027.18
1413.6	1021.91
1413.8	1016.73
1414	1015.18
1414.2	1010.45
1414.4	1010.09
1414.6	1013.27
1414.8	1013.45
1415	1016.09
1415.2	1012.27
1415.4	1013.45
1415.6	1019.64
1415.8	1024.82
1416	1025
1416.2	1023.55
1416.4	1029.27
1416.6	1031.27
1416.8	1035
1417	1037
1417.2	1036.73
1417.4	1044.18
1417.6	1045.18
1417.8	1048.36
1418	1050.27
1418.2	1055.91
1418.4	1056
1418.6	1063.73
1418.8	1064.18
1419	1065.82
1419.2	1068.27
1419.4	1082.73
1419.6	1078.73
1419.8	1081.18
1420	1079.73
1420.2	1082.45
1420.4	1083.18
1420.6	1088
1420.8	1083.55
1421	1091.45
1421.2	1088.64
1421.4	1088.91
1421.6	1075.27
1421.8	1079.36
1422	1082.36
1422.2	1086.36
1422.4	1087.82
1422.6	1092.55
1422.8	1094.64
1423	1091.82
1423.2	1093.18
1423.4	1094.91
1423.6	1100.91
1423.8	1108.82
1424	1108.27
1424.2	1114.64
1424.4	1114.09
1424.6	1120
1424.8	1118.55
1425	1124.55
1425.2	1133.82
1425.4	1133.18
1425.6	1136.18
1425.8	1138.36
1426	1134.64
1426.2	1139.91
1426.4	1135.18
1426.6	1138.64
1426.8	1136.18
1427	1140.09
1427.2	1137.82
1427.4	1139.73
1427.6	1141.36
1427.8	1149.18
1428	1150.09
1428.2	1155.82
1428.4	1163
1428.6	1163.82
1428.8	1163.36
1429	1161.82
1429.2	1161.55
1429.4	1164.82
1429.6	1157.27
1429.8	1157.55
1430	1147.91
1430.2	1142.73
1430.4	1143.36
1430.6	1139.09
1430.8	1144.73
1431	1149.36
1431.2	1155.82
1431.4	1159.09
1431.6	1156.45
1431.8	1166.91
1432	1163.55
1432.2	1169.91
1432.4	1175.36
1432.6	1177.27
1432.8	1182.64
1433	1185.36
1433.2	1183.91
1433.4	1184.45
1433.6	1179.82
1433.8	1182.64
1434	1182
1434.2	1188.82
1434.4	1184.73
1434.6	1185.45
1434.8	1185.09
1435	1176.91
1435.2	1170.18
1435.4	1172.82
1435.6	1167.55
1435.8	1176.18
1436	1176.27
1436.2	1172.64
1436.4	1177.64
1436.6	1177.45
1436.8	1185.09
1437	1189.36
1437.2	1189.27
1437.4	1193
1437.6	1188.18
1437.8	1200.45
1438	1198.36
1438.2	1204.73
1438.4	1211.27
1438.6	1206.36
1438.8	1214.09
1439	1208.27
1439.2	1210.18
1439.4	1223.18
1439.6	1225.45
1439.8	1227.18
1440	1223
1440.2	1223.45
1440.4	1219.64
1440.6	1217.18
1440.8	1215.36
1441	1211.55
1441.2	1211.91
1441.4	1210
1441.6	1209.27
1441.8	1210.18
1442	1209.36
1442.2	1203.27
1442.4	1209.64
1442.6	1215.18
1442.8	1212.27
1443	1215.64
1443.2	1222.09
1443.4	1224.55
1443.6	1225.36
1443.8	1219.09
1444	1220.55
1444.2	1228
1444.4	1231.82
1444.6	1227.18
1444.8	1225.45
1445	1235.09
1445.2	1242.18
1445.4	1240
1445.6	1241.36
1445.8	1236.91
1446	1237.36
1446.2	1241
1446.4	1239.27
1446.6	1243.45
1446.8	1246.82
1447	1247
1447.2	1242.18
1447.4	1238.36
1447.6	1240.91
1447.8	1237.91
1448	1246.64
1448.2	1244.73
1448.4	1248.09
1448.6	1249.09
1448.8	1248.36
1449	1248.64
1449.2	1254.82
1449.4	1263.45
1449.6	1265
1449.8	1263.09
1450	1266.91
1450.2	1262.45
1450.4	1273.64
1450.6	1265.82
1450.8	1267.45
1451	1273.55
1451.2	1273.55
1451.4	1272.36
1451.6	1261.27
1451.8	1265.27
1452	1273.55
1452.2	1276.36
1452.4	1288.09
1452.6	1287.27
1452.8	1288.64
1453	1286.55
1453.2	1286.82
1453.4	1279.91
1453.6	1279.27
1453.8	1287.36
1454	1289.73
1454.2	1283.73
1454.4	1287.18
1454.6	1280.55
1454.8	1286.27
1455	1293
1455.2	1290.64
1455.4	1293.55
1455.6	1300.64
1455.8	1301.09
1456	1305.09
1456.2	1297.91
1456.4	1302.82
1456.6	1302.55
1456.8	1303.45
1457	1299.73
1457.2	1299.55
1457.4	1314.18
1457.6	1311.82
1457.8	1314.45
1458	1314
1458.2	1314
1458.4	1314.18
1458.6	1317
1458.8	1313.36
1459	1310.36
1459.2	1305.73
1459.4	1308.64
1459.6	1307.91
1459.8	1307.09
1460	1311.55
1460.2	1312.64
1460.4	1313.91
1460.6	1318
1460.8	1311.27
1461	1309.82
1461.2	1318.09
1461.4	1325.27
1461.6	1327
1461.8	1324.73
1462	1320.91
1462.2	1321.18
1462.4	1322.09
1462.6	1311.18
1462.8	1307.91
1463	1313.27
1463.2	1322.18
1463.4	1317.36
1463.6	1318.45
1463.8	1320.55
1464	1317
1464.2	1325.09
1464.4	1320.73
1464.6	1330.18
1464.8	1344.64
1465	1350.64
1465.2	1349.27
1465.4	1342.55
1465.6	1344.18
1465.8	1343.27
1466	1341
1466.2	1341.18
1466.4	1336.82
1466.6	1341.55
1466.8	1332
1467	1325.91
1467.2	1321.91
1467.4	1324.36
1467.6	1324.27
1467.8	1329.73
1468	1324.64
1468.2	1317.82
1468.4	1323.82
1468.6	1325.55
1468.8	1319.18
1469	1314.18
1469.2	1309.55
1469.4	1311.82
1469.6	1311.82
1469.8	1315.82
1470	1315.82
1470.2	1317.73
1470.4	1317.45
1470.6	1313.91
1470.8	1306.45
1471	1306
1471.2	1320.09
1471.4	1324.27
1471.6	1319.09
1471.8	1318.45
1472	1315.36
1472.2	1310.09
1472.4	1309.45
1472.6	1320.82
1472.8	1322.82
1473	1331
1473.2	1334.91
1473.4	1325.82
1473.6	1330.55
1473.8	1338.18
1474	1341.27
1474.2	1339.64
1474.4	1340.73
1474.6	1334
1474.8	1325.73
1475	1321.09
1475.2	1320.27
1475.4	1317.45
1475.6	1319.18
1475.8	1314.55
1476	1310.91
1476.2	1310.64
1476.4	1319.91
1476.6	1329.36
1476.8	1344.64
1477	1343.55
1477.2	1344.27
1477.4	1341.27
1477.6	1344.36
1477.8	1349.27
1478	1347.55
1478.2	1347.73
1478.4	1343
1478.6	1335.91
1478.8	1330.55
1479	1318.27
1479.2	1323.18
1479.4	1323
1479.6	1322.09
1479.8	1316.91
1480	1313.36
1480.2	1317.73
1480.4	1317.73
1480.6	1315.82
1480.8	1317.64
1481	1314
1481.2	1314.27
1481.4	1313.55
1481.6	1315.27
1481.8	1320.36
1482	1326.73
1482.2	1326
1482.4	1323.45
1482.6	1327.45
1482.8	1329.36
1483	1323.27
1483.2	1319.64
1483.4	1323.09
1483.6	1314.27
1483.8	1310.09
1484	1303.73
1484.2	1292.91
1484.4	1284.73
1484.6	1281.82
1484.8	1274
1485	1267.09
1485.2	1275.55
1485.4	1273.64
1485.6	1267
1485.8	1267.82
1486	1267.18
1486.2	1267.27
1486.4	1270
1486.6	1266.45
1486.8	1263
1487	1265.45
1487.2	1262
1487.4	1250.45
1487.6	1247.45
1487.8	1255.36
1488	1259.73
1488.2	1255.73
1488.4	1258.91
1488.6	1262
1488.8	1263.09
1489	1265.73
1489.2	1266.64
1489.4	1278.36
1489.6	1281.27
1489.8	1280.82
1490	1275.82
1490.2	1272.91
1490.4	1278.18
1490.6	1273
1490.8	1270.09
1491	1279.36
1491.2	1276.09
1491.4	1274.27
1491.6	1260.18
1491.8	1267.18
1492	1264.91
1492.2	1259.82
1492.4	1253.91
1492.6	1249.82
1492.8	1252.82
1493	1250.18
1493.2	1244.27
1493.4	1244.27
1493.6	1250.36
1493.8	1263.45
1494	1261.45
1494.2	1265.09
1494.4	1270.27
1494.6	1272.73
1494.8	1276.45
1495	1275.18
1495.2	1276.27
1495.4	1269.45
1495.6	1268.64
1495.8	1255
1496	1252.27
1496.2	1248
1496.4	1244.55
1496.6	1238.73
1496.8	1235.64
1497	1234.45
1497.2	1225.64
1497.4	1220.73
1497.6	1228.82
1497.8	1229.36
1498	1233.91
1498.2	1230
1498.4	1226.91
1498.6	1227.55
1498.8	1233.36
1499	1236.64
1499.2	1237.64
1499.4	1248.45
1499.6	1253
1499.8	1251.82
1500	1252.45
1500.2	1252.36
1500.4	1243.91
1500.6	1246.18
1500.8	1253.36
1501	1252.18
1501.2	1251.36
1501.4	1252.36
1501.6	1252.36
1501.8	1254.09
1502	1252.91
1502.2	1253.09
1502.4	1248.91
1502.6	1258.91
1502.8	1251.45
1503	1251.27
1503.2	1248.27
1503.4	1252.18
1503.6	1251.36
1503.8	1251.27
1504	1241.82
1504.2	1245.55
1504.4	1242.82
1504.6	1246.64
1504.8	1241.82
1505	1248
1505.2	1239.55
1505.4	1236.18
1505.6	1237.18
1505.8	1233.45
1506	1222.73
1506.2	1228.82
1506.4	1224.55
1506.6	1231.18
1506.8	1234.82
1507	1237.27
1507.2	1234
1507.4	1243.27
1507.6	1249.64
1507.8	1245.82
1508	1241.27
1508.2	1244.73
1508.4	1245.45
1508.6	1244.91
1508.8	1239.27
1509	1226.73
1509.2	1218.18
1509.4	1213.18
1509.6	1203.27
1509.8	1203.09
1510	1202.64
1510.2	1196.55
1510.4	1188.36
1510.6	1184.45
1510.8	1184.45
1511	1179.45
1511.2	1182.09
1511.4	1186.91
1511.6	1188.91
1511.8	1192.64
1512	1185.18
1512.2	1185.64
1512.4	1187.91
1512.6	1199
1512.8	1208.91
1513	1208.09
1513.2	1211.82
1513.4	1213.82
1513.6	1212
1513.8	1205.82
1514	1202.09
1514.2	1200.55
1514.4	1193.73
1514.6	1193.36
1514.8	1177
1515	1170.36
1515.2	1169.73
1515.4	1166.55
1515.6	1165.82
1515.8	1166.18
1516	1179.18
1516.2	1185.09
1516.4	1191.45
1516.6	1189
1516.8	1196.27
1517	1208.91
1517.2	1205.82
1517.4	1199
1517.6	1201.18
1517.8	1202.73
1518	1197.82
1518.2	1191.45
1518.4	1192.45
1518.6	1186.27
1518.8	1190.73
1519	1184.18
1519.2	1184
1519.4	1184.27
1519.6	1192.09
1519.8	1191.55
1520	1187.73
1520.2	1192.91
1520.4	1188
1520.6	1175.73
1520.8	1175.27
1521	1172.55
1521.2	1170.45
1521.4	1164
1521.6	1164.55
1521.8	1158.09
1522	1156.55
1522.2	1162.36
1522.4	1154.27
1522.6	1156.09
1522.8	1166.91
1523	1168.82
1523.2	1172.82
1523.4	1175.91
1523.6	1177
1523.8	1176.36
1524	1178.73
1524.2	1183.82
1524.4	1177.18
1524.6	1182.73
1524.8	1189.82
1525	1190.09
1525.2	1195.36
1525.4	1189
1525.6	1192.91
1525.8	1196.73
1526	1197.82
1526.2	1191
1526.4	1186.09
1526.6	1189.09
1526.8	1194.09
1527	1190
1527.2	1180
1527.4	1168.55
1527.6	1168.91
1527.8	1169.55
1528	1166.82
1528.2	1164.55
1528.4	1173.36
1528.6	1169.73
1528.8	1165.27
1529	1158.45
1529.2	1157.36
1529.4	1162.09
1529.6	1163.73
1529.8	1171
1530	1168.64
1530.2	1170.91
1530.4	1174.45
1530.6	1171.27
1530.8	1171.64
1531	1174.36
1531.2	1169.45
1531.4	1163.18
1531.6	1156.18
1531.8	1160.18
1532	1157.45
1532.2	1153
1532.4	1151.36
1532.6	1139.55
1532.8	1137.36
1533	1134.18
1533.2	1133.64
1533.4	1135
1533.6	1137.82
1533.8	1144.82
1534	1142.82
1534.2	1135.91
1534.4	1137.27
1534.6	1136.73
1534.8	1144.18
1535	1150.27
1535.2	1152.91
1535.4	1152.73
1535.6	1164.55
1535.8	1169.27
1536	1167.91
1536.2	1173
1536.4	1180.36
1536.6	1181
1536.8	1184.27
1537	1183.82
1537.2	1175.82
1537.4	1172
1537.6	1175.09
1537.8	1168.91
1538	1162.45
1538.2	1164.18
1538.4	1157
1538.6	1150.82
1538.8	1155.45
1539	1149.82
1539.2	1144.73
1539.4	1153.36
1539.6	1163.27
1539.8	1163.91
1540	1167.55
1540.2	1174.09
1540.4	1170.73
1540.6	1174.82
1540.8	1175.91
1541	1171.73
1541.2	1177.18
1541.4	1182.09
1541.6	1175.36
1541.8	1168.18
1542	1162.09
1542.2	1159.91
1542.4	1157.45
1542.6	1161.36
1542.8	1155.18
1543	1148.64
1543.2	1142.82
1543.4	1137.64
1543.6	1145.18
1543.8	1142.73
1544	1141.82
1544.2	1148.55
1544.4	1140
1544.6	1146.82
1544.8	1144.73
1545	1146.55
1545.2	1154.73
1545.4	1157.09
1545.6	1157.73
1545.8	1149.27
1546	1153.64
1546.2	1154.82
1546.4	1148
1546.6	1150.09
1546.8	1138.82
1547	1134
1547.2	1133.09
1547.4	1126.55
1547.6	1124
1547.8	1116.45
1548	1111.18
1548.2	1107.27
1548.4	1100.09
1548.6	1098.64
1548.8	1094.64
1549	1098.55
1549.2	1098.36
1549.4	1100.73
1549.6	1095.18
1549.8	1099.09
1550	1109.82
1550.2	1113.64
1550.4	1112.27
1550.6	1120.18
1550.8	1121.82
1551	1126.45
1551.2	1123.91
1551.4	1119.36
1551.6	1115.27
1551.8	1123.36
1552	1119.64
1552.2	1117.55
1552.4	1116.27
1552.6	1121.27
1552.8	1118.64
1553	1120.91
1553.2	1123.64
1553.4	1124.64
1553.6	1132.64
1553.8	1134.27
1554	1124.82
1554.2	1126.55
1554.4	1125.91
1554.6	1121
1554.8	1112.45
1555	1111.64
1555.2	1109.82
1555.4	1106.36
1555.6	1100.73
1555.8	1100
1556	1097.45
1556.2	1110.82
1556.4	1114.45
1556.6	1110.09
1556.8	1115.09
1557	1118.55
1557.2	1120.45
1557.4	1111.91
1557.6	1113.73
1557.8	1115.73
1558	1108.36
1558.2	1112.45
1558.4	1103.55
1558.6	1101.09
1558.8	1105.45
1559	1100.55
1559.2	1102.64
1559.4	1097
1559.6	1096.36
1559.8	1095.09
1560	1093.09
1560.2	1095.64
1560.4	1090.36
1560.6	1095.36
1560.8	1089.91
1561	1080.36
1561.2	1078.18
1561.4	1075
1561.6	1070.09
1561.8	1078.36
1562	1075.45
1562.2	1072.73
1562.4	1077.18
1562.6	1077.73
1562.8	1076.73
1563	1078.91
1563.2	1080.36
1563.4	1084.64
1563.6	1084
1563.8	1096.91
1564	1090.36
1564.2	1091.36
1564.4	1091.82
1564.6	1080.45
1564.8	1080.36
1565	1078.64
1565.2	1081.09
1565.4	1087.18
1565.6	1084.91
1565.8	1082.36
1566	1074.36
1566.2	1078.27
1566.4	1075.27
1566.6	1077.91
1566.8	1087.82
1567	1086.18
1567.2	1090.18
1567.4	1087.64
1567.6	1086.09
1567.8	1085.45
1568	1092.64
1568.2	1093.91
1568.4	1084.09
1568.6	1087.73
1568.8	1087.09
1569	1078.09
1569.2	1083.82
1569.4	1072.55
1569.6	1074.45
1569.8	1071.55
1570	1076.09
1570.2	1071.36
1570.4	1068.09
1570.6	1071.64
1570.8	1066.73
1571	1068.82
1571.2	1072.91
1571.4	1065.27
1571.6	1070
1571.8	1068.36
1572	1064.91
1572.2	1060.18
1572.4	1057.73
1572.6	1062.09
1572.8	1063.36
1573	1067.09
1573.2	1066.45
1573.4	1064.64
1573.6	1059.45
1573.8	1063.18
1574	1058.18
1574.2	1062.55
1574.4	1061.27
1574.6	1060.09
1574.8	1050
1575	1046.18
1575.2	1040.73
1575.4	1039.27
1575.6	1029.45
1575.8	1033.36
1576	1025.91
1576.2	1021.09
1576.4	1018.27
1576.6	1017.55
1576.8	1013.73
1577	1020
1577.2	1026.55
1577.4	1025.64
1577.6	1021.55
1577.8	1030.18
1578	1031.73
1578.2	1029.27
1578.4	1037.09
1578.6	1037.36
1578.8	1035.55
1579	1037.73
1579.2	1034
1579.4	1031.45
1579.6	1034.18
1579.8	1026.64
1580	1029.18
1580.2	1025.82
1580.4	1029.91
1580.6	1024.18
1580.8	1026.27
1581	1024.55
1581.2	1024.55
1581.4	1027.18
1581.6	1021.27
1581.8	1019.55
1582	1030.36
1582.2	1028.45
1582.4	1030.73
1582.6	1035.18
1582.8	1037.82
1583	1033.91
1583.2	1042
1583.4	1041.09
1583.6	1033.91
1583.8	1033.82
1584	1034.91
1584.2	1029.09
1584.4	1025.18
1584.6	1020.55
1584.8	1012.91
1585	1009.55
1585.2	1006.64
1585.4	995.273
1585.6	993.909
1585.8	998.273
1586	997.909
1586.2	993.364
1586.4	989.455
1586.6	984.818
1586.8	989.455
1587	985.182
1587.2	988.364
1587.4	987.818
1587.6	988.545
1587.8	983.545
1588	978.091
1588.2	972.818
1588.4	970.727
1588.6	977.727
1588.8	977.455
1589	978.182
1589.2	979.364
1589.4	975.455
1589.6	970
1589.8	968.545
1590	978.364
1590.2	979.364
1590.4	985.636
1590.6	995.091
1590.8	989.182
1591	994
1591.2	989.909
1591.4	987.273
1591.6	984.727
1591.8	987.455
1592	993.636
1592.2	988.636
1592.4	992.455
1592.6	989
1592.8	977.273
1593	969.091
1593.2	962
1593.4	955.182
1593.6	951.818
1593.8	946.818
1594	942.455
1594.2	936.455
1594.4	931.455
1594.6	927.727
1594.8	930.545
1595	933.818
1595.2	941.727
1595.4	942.818
1595.6	945.091
1595.8	949.909
1596	946.909
1596.2	955.818
1596.4	959.455
1596.6	965.364
1596.8	963.091
1597	960.818
1597.2	959.818
1597.4	962.727
1597.6	964.091
1597.8	964.455
1598	962.091
1598.2	961.364
1598.4	950.455
1598.6	953.364
1598.8	946.636
1599	947.273
1599.2	948.455
1599.4	944.727
1599.6	936.091
1599.8	931.455
1600	929.727
1600.2	929.909
1600.4	936.182
1600.6	938.545
1600.8	928.273
1601	927.636
1601.2	929.364
1601.4	921
1601.6	916.909
1601.8	920.818
1602	924.636
1602.2	921.273
1602.4	923.182
1602.6	919.636
1602.8	914.182
1603	916
1603.2	914
1603.4	913.273
1603.6	912.818
1603.8	914.545
1604	909.636
1604.2	914.091
1604.4	914.364
1604.6	913.818
1604.8	911.455
1605	914.182
1605.2	909.636
1605.4	910.909
1605.6	905.818
1605.8	905.182
1606	906
1606.2	902.909
1606.4	893.364
1606.6	888.091
1606.8	878.727
1607	880.364
1607.2	875.091
1607.4	873.091
1607.6	868
1607.8	870
1608	870.364
1608.2	871.091
1608.4	870
1608.6	869
1608.8	867.545
1609	874.364
1609.2	876.182
1609.4	876.727
1609.6	872.909
1609.8	876.455
1610	873
1610.2	873.182
1610.4	870.182
1610.6	871.273
1610.8	871.818
1611	874.182
1611.2	873.818
1611.4	870
1611.6	868.545
1611.8	872.273
1612	872.455
1612.2	864.818
1612.4	865
1612.6	861.455
1612.8	860.909
1613	862.364
1613.2	860.909
1613.4	858.091
1613.6	855.545
1613.8	862.182
1614	865.091
1614.2	860.818
1614.4	866.818
1614.6	866.909
1614.8	870.455
1615	870.818
1615.2	864.909
1615.4	863.909
1615.6	865.091
1615.8	865.091
1616	858.182
1616.2	855
1616.4	848.727
1616.6	844.545
1616.8	841.091
1617	833.636
1617.2	835.545
1617.4	840.364
1617.6	842.909
1617.8	838.273
1618	839.091
1618.2	844.545
1618.4	845.545
1618.6	851.818
1618.8	854.364
1619	846.273
1619.2	851
1619.4	853.636
1619.6	854.455
1619.8	853.818
1620	858.091
1620.2	857.636
1620.4	854.636
1620.6	856.909
1620.8	860.182
1621	859.364
1621.2	870.545
1621.4	873.364
1621.6	873
1621.8	866.636
1622	865.364
1622.2	861
1622.4	866.091
1622.6	871.727
1622.8	864.636
1623	861
1623.2	866.182
1623.4	864.364
1623.6	860.364
1623.8	855.818
1624	856.818
1624.2	860.455
1624.4	862.727
1624.6	862.091
1624.8	855.182
1625	858.091
1625.2	854.636
1625.4	855.182
1625.6	852
1625.8	849.273
1626	844.182
1626.2	844
1626.4	836.273
1626.6	831.727
1626.8	820
1627	818.818
1627.2	816.545
1627.4	821.273
1627.6	812.182
1627.8	818.727
1628	813.364
1628.2	815.636
1628.4	815.364
1628.6	816.636
1628.8	815.455
1629	819.545
1629.2	814.818
1629.4	814.182
1629.6	809.727
1629.8	807.818
1630	801.727
1630.2	812.545
1630.4	812.545
1630.6	808
1630.8	809.455
1631	807.727
1631.2	807.182
1631.4	811.818
1631.6	813.636
1631.8	815
1632	818.636
1632.2	824.182
1632.4	824.091
1632.6	822.182
1632.8	824.455
1633	826.273
1633.2	825.636
1633.4	830.182
1633.6	830
1633.8	829
1634	824.909
1634.2	823.091
1634.4	813
1634.6	805.545
1634.8	802
1635	803.091
1635.2	800.364
1635.4	804.727
1635.6	796.091
1635.8	791.818
1636	791.545
1636.2	789.636
1636.4	789
1636.6	796.091
1636.8	794.182
1637	796.818
1637.2	796.455
1637.4	793
1637.6	789.636
1637.8	796.818
1638	800.727
1638.2	798.364
1638.4	803
1638.6	804.455
1638.8	800.818
1639	799.545
1639.2	799.091
1639.4	789.636
1639.6	789.182
1639.8	790.273
1640	789.636
1640.2	787.727
1640.4	785.545
1640.6	789.091
1640.8	791.545
1641	792.909
1641.2	796.455
1641.4	795.091
1641.6	804
1641.8	810.455
1642	811
1642.2	803.182
1642.4	810.182
1642.6	816.636
1642.8	812.455
1643	807.818
1643.2	805.091
1643.4	806.091
1643.6	805.182
1643.8	804.091
1644	801.182
1644.2	800
1644.4	807.182
1644.6	801.182
1644.8	797.545
1645	799
1645.2	799.182
1645.4	798.636
1645.6	796.636
1645.8	794.091
1646	790.364
1646.2	787
1646.4	783.273
1646.6	774.818
1646.8	773.909
1647	775.364
1647.2	769.091
1647.4	770.364
1647.6	767.727
1647.8	770.455
1648	772.364
1648.2	771.364
1648.4	771.091
1648.6	774
1648.8	780.182
1649	777
1649.2	771.182
1649.4	772
1649.6	769.545
1649.8	767.455
1650	762.273
1650.2	766.909
1650.4	765.727
1650.6	765.909
1650.8	761.364
1651	758.273
1651.2	760.818
1651.4	756.818
1651.6	758.364
1651.8	760.182
1652	764.455
1652.2	769.455
1652.4	764.273
1652.6	772.182
1652.8	772.455
1653	774.455
1653.2	773.364
1653.4	774.727
1653.6	781.545
1653.8	782.545
1654	780.545
1654.2	783.364
1654.4	777.636
1654.6	779.545
1654.8	776
1655	775.636
1655.2	767.727
1655.4	768.636
1655.6	764.818
1655.8	769.182
1656	762.091
1656.2	760.273
1656.4	755.273
1656.6	756.273
1656.8	757.364
1657	753
1657.2	750.909
1657.4	755.545
1657.6	754.727
1657.8	751.273
1658	744.455
1658.2	745.364
1658.4	742.273
1658.6	744.455
1658.8	744.455
1659	741.545
1659.2	743.636
1659.4	746.364
1659.6	751.455
1659.8	749.909
1660	757.364
1660.2	760.364
1660.4	768.364
1660.6	772.091
1660.8	769.455
1661	776.364
1661.2	780.273
1661.4	784.727
1661.6	783.091
1661.8	781.364
1662	781.364
1662.2	777.455
1662.4	778.182
1662.6	769.273
1662.8	767.273
1663	771.455
1663.2	767.636
1663.4	767.182
1663.6	760.818
1663.8	761.364
1664	762.455
1664.2	767.455
1664.4	770.182
1664.6	766.182
1664.8	769.636
1665	767.727
1665.2	763.818
1665.4	758.545
1665.6	761.273
1665.8	764.909
1666	768.364
1666.2	762.727
1666.4	758
1666.6	753.727
1666.8	754.636
1667	753.636
1667.2	757.636
1667.4	757.364
1667.6	757.182
1667.8	749.455
1668	745.364
1668.2	735.909
1668.4	741.545
1668.6	743.636
1668.8	747.545
1669	748.091
1669.2	750.909
1669.4	748.182
1669.6	746.636
1669.8	750.273
1670	753.091
1670.2	751.636
1670.4	757.364
1670.6	755.091
1670.8	752.273
1671	745.455
1671.2	744.182
1671.4	740.636
1671.6	746.818
1671.8	747.818
1672	752
1672.2	750.727
1672.4	756.455
1672.6	753.545
1672.8	752.182
1673	754.091
1673.2	755.364
1673.4	752.455
1673.6	755.727
1673.8	746
1674	750.273
1674.2	744.636
1674.4	749
1674.6	745
1674.8	752.636
1675	757.818
1675.2	755
1675.4	760.182
1675.6	761.909
1675.8	761.455
1676	766.636
1676.2	761.364
1676.4	765.818
1676.6	765.091
1676.8	773.182
1677	772
1677.2	771.545
1677.4	776.091
1677.6	771.364
1677.8	771.636
1678	771.636
1678.2	775.182
1678.4	775
1678.6	769.455
1678.8	765.636
1679	759.909
1679.2	758.182
1679.4	756.545
1679.6	745.636
1679.8	753.182
1680	752
1680.2	749.727
1680.4	740.727
1680.6	740.364
1680.8	742.818
1681	744.364
1681.2	740.182
1681.4	738.273
1681.6	734.636
1681.8	740.364
1682	734.182
1682.2	734.909
1682.4	735.545
1682.6	739.182
1682.8	743
1683	739.636
1683.2	737.909
1683.4	742.455
1683.6	744.182
1683.8	751.182
1684	759.818
1684.2	769.273
1684.4	769.727
1684.6	769.727
1684.8	772.182
1685	768.364
1685.2	773.182
1685.4	776.909
1685.6	779.727
1685.8	779.182
1686	779.273
1686.2	782.091
1686.4	778.727
1686.6	779.909
1686.8	782.182
1687	780.909
1687.2	782.455
1687.4	774.727
1687.6	772.636
1687.8	770.091
1688	773.091
1688.2	771.091
1688.4	766.364
1688.6	760.364
1688.8	757.727
1689	754.727
1689.2	755.273
1689.4	759
1689.6	762.455
1689.8	760.455
1690	750.182
1690.2	745.727
1690.4	740.364
1690.6	740.273
1690.8	741.091
1691	745.273
1691.2	745.455
1691.4	747.273
1691.6	744.455
1691.8	737.364
1692	739.455
1692.2	748.545
1692.4	746.545
1692.6	748.636
1692.8	746.182
1693	749.818
1693.2	750.091
1693.4	749.273
1693.6	749.182
1693.8	751.818
1694	757.182
1694.2	760.364
1694.4	756.818
1694.6	758.091
1694.8	761.273
1695	758
1695.2	749.182
1695.4	746.636
1695.6	750.545
1695.8	743.182
1696	739.182
1696.2	744.364
1696.4	737.273
1696.6	738.727
1696.8	741.182
1697	743
1697.2	741.636
1697.4	746.273
1697.6	744.636
1697.8	746
1698	753.364
1698.2	750
1698.4	742.273
1698.6	742.545
1698.8	740.455
1699	737.455
1699.2	731.818
1699.4	734
1699.6	733.182
1699.8	733.636
1700	728.818
