1000	4188
1000.2	4106
1000.4	4201
1000.6	3952
1000.8	4275
1001	4143
1001.2	4087
1001.4	4157
1001.6	4172
1001.8	4189
1002	4005
1002.2	4110
1002.4	4135
1002.6	4165
1002.8	4180
1003	4184
1003.2	4204
1003.4	4153
1003.6	4170
1003.8	4106
1004	4263
1004.2	4255
1004.4	4105
1004.6	4187
1004.8	4052
1005	4208
1005.2	4182
1005.4	4232
1005.6	4106
1005.8	4115
1006	4108
1006.2	4192
1006.4	4142
1006.6	4196
1006.8	4225
1007	4169
1007.2	4236
1007.4	4243
1007.6	4246
1007.8	4155
1008	4189
1008.2	4135
1008.4	4176
1008.6	4150
1008.8	4236
1009	4203
1009.2	4114
1009.4	4249
1009.6	4330
1009.8	4185
1010	4258
1010.2	4188
1010.4	4320
1010.6	4287
1010.8	4189
1011	4144
1011.2	4173
1011.4	4254
1011.6	4193
1011.8	4102
1012	4207
1012.2	4167
1012.4	4270
1012.6	4171
1012.8	4205
1013	4122
1013.2	4146
1013.4	4176
1013.6	4130
1013.8	4138
1014	4148
1014.2	4173
1014.4	4252
1014.6	4126
1014.8	4185
1015	4197
1015.2	4166
1015.4	4306
1015.6	4186
1015.8	4105
1016	4103
1016.2	4045
1016.4	4269
1016.6	4262
1016.8	4210
1017	4230
1017.2	4205
1017.4	4127
1017.6	4210
1017.8	4189
1018	4162
1018.2	4175
1018.4	4262
1018.6	4238
1018.8	4110
1019	4179
1019.2	4278
1019.4	4127
1019.6	4250
1019.8	4293
1020	4326
1020.2	4228
1020.4	4212
1020.6	4229
1020.8	4224
1021	4199
1021.2	4265
1021.4	4298
1021.6	4196
1021.8	4277
1022	4307
1022.2	4241
1022.4	4186
1022.6	4200
1022.8	4255
1023	4093
1023.2	4219
1023.4	4228
1023.6	4319
1023.8	4204
1024	4095
1024.2	4193
1024.4	4247
1024.6	4266
1024.8	4101
1025	4279
1025.2	4269
1025.4	4204
1025.6	4250
1025.8	4286
1026	4261
1026.2	4089
1026.4	4161
1026.6	4354
1026.8	4263
1027	4325
1027.2	4263
1027.4	4300
1027.6	4255
1027.8	4297
1028	4318
1028.2	4324
1028.4	4231
1028.6	4233
1028.8	4164
1029	4208
1029.2	4287
1029.4	4235
1029.6	4189
1029.8	4281
1030	4297
1030.2	4210
1030.4	4410
1030.6	4311
1030.8	4330
1031	4397
1031.2	4295
1031.4	4240
1031.6	4339
1031.8	4269
1032	4318
1032.2	4335
1032.4	4247
1032.6	4214
1032.8	4289
1033	4265
1033.2	4242
1033.4	4462
1033.6	4358
1033.8	4342
1034	4202
1034.2	4307
1034.4	4383
1034.6	4283
1034.8	4371
1035	4357
1035.2	4346
1035.4	4428
1035.6	4260
1035.8	4299
1036	4417
1036.2	4333
1036.4	4263
1036.6	4203
1036.8	4400
1037	4340
1037.2	4366
1037.4	4355
1037.6	4277
1037.8	4437
1038	4318
1038.2	4214
1038.4	4244
1038.6	4359
1038.8	4344
1039	4288
1039.2	4350
1039.4	4342
1039.6	4267
1039.8	4312
1040	4457
1040.2	4302
1040.4	4310
1040.6	4350
1040.8	4324
1041	4331
1041.2	4320
1041.4	4306
1041.6	4354
1041.8	4420
1042	4474
1042.2	4289
1042.4	4333
1042.6	4331
1042.8	4429
1043	4352
1043.2	4454
1043.4	4491
1043.6	4388
1043.8	4367
1044	4453
1044.2	4422
1044.4	4362
1044.6	4383
1044.8	4391
1045	4434
1045.2	4405
1045.4	4418
1045.6	4449
1045.8	4485
1046	4367
1046.2	4495
1046.4	4429
1046.6	4395
1046.8	4462
1047	4416
1047.2	4503
1047.4	4429
1047.6	4530
1047.8	4454
1048	4373
1048.2	4357
1048.4	4470
1048.6	4395
1048.8	4526
1049	4447
1049.2	4611
1049.4	4484
1049.6	4460
1049.8	4488
1050	4345
1050.2	4521
1050.4	4475
1050.6	4576
1050.8	4408
1051	4523
1051.2	4525
1051.4	4604
1051.6	4411
1051.8	4442
1052	4287
1052.2	4553
1052.4	4575
1052.6	4419
1052.8	4534
1053	4533
1053.2	4464
1053.4	4425
1053.6	4498
1053.8	4526
1054	4611
1054.2	4454
1054.4	4400
1054.6	4371
1054.8	4559
1055	4505
1055.2	4536
1055.4	4509
1055.6	4584
1055.8	4579
1056	4564
1056.2	4559
1056.4	4516
1056.6	4438
1056.8	4554
1057	4483
1057.2	4400
1057.4	4545
1057.6	4483
1057.8	4537
1058	4410
1058.2	4541
1058.4	4608
1058.6	4544
1058.8	4684
1059	4540
1059.2	4422
1059.4	4413
1059.6	4572
1059.8	4712
1060	4534
1060.2	4479
1060.4	4469
1060.6	4525
1060.8	4442
1061	4439
1061.2	4482
1061.4	4400
1061.6	4587
1061.8	4651
1062	4486
1062.2	4575
1062.4	4573
1062.6	4506
1062.8	4628
1063	4722
1063.2	4581
1063.4	4528
1063.6	4648
1063.8	4652
1064	4577
1064.2	4600
1064.4	4724
1064.6	4751
1064.8	4594
1065	4578
1065.2	4737
1065.4	4662
1065.6	4711
1065.8	4671
1066	4654
1066.2	4556
1066.4	4681
1066.6	4517
1066.8	4673
1067	4663
1067.2	4615
1067.4	4773
1067.6	4625
1067.8	4651
1068	4650
1068.2	4744
1068.4	4633
1068.6	4665
1068.8	4610
1069	4797
1069.2	4754
1069.4	4770
1069.6	4648
1069.8	4735
1070	4607
1070.2	4803
1070.4	4571
1070.6	4745
1070.8	4803
1071	4807
1071.2	4573
1071.4	4731
1071.6	4662
1071.8	4845
1072	4807
1072.2	4788
1072.4	4664
1072.6	4590
1072.8	4850
1073	4691
1073.2	4729
1073.4	4673
1073.6	4698
1073.8	4821
1074	4705
1074.2	4832
1074.4	4845
1074.6	4848
1074.8	4907
1075	4700
1075.2	4790
1075.4	4753
1075.6	4600
1075.8	4786
1076	4763
1076.2	4679
1076.4	4810
1076.6	4858
1076.8	4892
1077	4819
1077.2	4813
1077.4	4901
1077.6	4765
1077.8	4833
1078	4852
1078.2	4760
1078.4	4837
1078.6	4753
1078.8	4885
1079	4798
1079.2	4831
1079.4	4930
1079.6	4734
1079.8	4888
1080	4865
1080.2	4878
1080.4	4911
1080.6	4759
1080.8	4953
1081	4915
1081.2	4910
1081.4	4893
1081.6	4938
1081.8	4937
1082	4792
1082.2	4900
1082.4	4792
1082.6	4992
1082.8	4862
1083	4866
1083.2	4856
1083.4	4906
1083.6	4868
1083.8	4896
1084	4900
1084.2	5028
1084.4	5023
1084.6	4992
1084.8	5130
1085	4808
1085.2	4956
1085.4	4971
1085.6	5002
1085.8	5077
1086	5135
1086.2	5044
1086.4	5007
1086.6	5092
1086.8	5031
1087	4995
1087.2	4985
1087.4	4997
1087.6	5040
1087.8	5161
1088	5111
1088.2	5095
1088.4	4991
1088.6	5158
1088.8	4959
1089	5226
1089.2	5079
1089.4	5124
1089.6	5140
1089.8	5184
1090	5138
1090.2	5225
1090.4	5017
1090.6	5015
1090.8	5165
1091	5158
1091.2	5107
1091.4	5292
1091.6	5162
1091.8	5243
1092	5216
1092.2	5116
1092.4	5239
1092.6	5284
1092.8	5264
1093	5109
1093.2	5255
1093.4	5074
1093.6	5288
1093.8	5225
1094	5278
1094.2	5204
1094.4	5379
1094.6	5264
1094.8	5271
1095	5308
1095.2	5316
1095.4	5364
1095.6	5285
1095.8	5403
1096	5391
1096.2	5228
1096.4	5468
1096.6	5331
1096.8	5348
1097	5293
1097.2	5296
1097.4	5442
1097.6	5455
1097.8	5410
1098	5310
1098.2	5502
1098.4	5545
1098.6	5496
1098.8	5454
1099	5454
1099.2	5561
1099.4	5479
1099.6	5591
1099.8	5499
1100	5528
1100.2	5468
1100.4	5504
1100.6	5510
1100.8	5456
1101	5510
1101.2	5469
1101.4	5554
1101.6	5536
1101.8	5550
1102	5654
1102.2	5650
1102.4	5539
1102.6	5634
1102.8	5638
1103	5723
1103.2	5656
1103.4	5701
1103.6	5817
1103.8	5783
1104	5576
1104.2	5770
1104.4	5650
1104.6	5792
1104.8	5716
1105	5797
1105.2	5796
1105.4	5775
1105.6	5732
1105.8	5864
1106	5742
1106.2	5792
1106.4	5941
1106.6	5876
1106.8	5952
1107	5943
1107.2	5894
1107.4	5910
1107.6	5935
1107.8	6000
1108	6034
1108.2	6187
1108.4	5929
1108.6	6016
1108.8	6155
1109	6158
1109.2	6152
1109.4	6175
1109.6	6182
1109.8	6355
1110	6254
1110.2	6179
1110.4	6334
1110.6	6065
1110.8	6343
1111	6378
1111.2	6173
1111.4	6450
1111.6	6351
1111.8	6350
1112	6342
1112.2	6342
1112.4	6432
1112.6	6605
1112.8	6433
1113	6622
1113.2	6481
1113.4	6633
1113.6	6551
1113.8	6596
1114	6706
1114.2	6668
1114.4	6785
1114.6	6610
1114.8	6882
1115	6863
1115.2	6836
1115.4	7056
1115.6	6863
1115.8	6896
1116	7003
1116.2	6980
1116.4	7223
1116.6	7054
1116.8	6950
1117	7142
1117.2	7113
1117.4	7244
1117.6	7149
1117.8	7118
1118	7244
1118.2	7446
1118.4	7180
1118.6	7319
1118.8	7196
1119	7441
1119.2	7285
1119.4	7467
1119.6	7487
1119.8	7555
1120	7672
1120.2	7757
1120.4	7729
1120.6	7628
1120.8	7589
1121	7855
1121.2	7459
1121.4	7737
1121.6	7805
1121.8	7795
1122	7877
1122.2	7755
1122.4	7899
1122.6	7891
1122.8	7925
1123	7935
1123.2	8076
1123.4	8126
1123.6	7985
1123.8	8189
1124	8118
1124.2	8087
1124.4	8056
1124.6	8274
1124.8	8196
1125	8270
1125.2	8164
1125.4	8230
1125.6	8371
1125.8	8549
1126	8372
1126.2	8200
1126.4	8276
1126.6	8191
1126.8	8312
1127	8244
1127.2	8139
1127.4	8348
1127.6	8258
1127.8	8298
1128	8715
1128.2	8240
1128.4	8469
1128.6	8358
1128.8	8291
1129	8259
1129.2	8472
1129.4	8311
1129.6	8465
1129.8	8133
1130	8456
1130.2	8474
1130.4	8588
1130.6	8341
1130.8	8219
1131	8425
1131.2	8305
1131.4	8539
1131.6	8423
1131.8	8339
1132	8424
1132.2	8297
1132.4	8531
1132.6	8587
1132.8	8524
1133	8326
1133.2	8486
1133.4	8544
1133.6	8638
1133.8	8426
1134	8437
1134.2	8481
1134.4	8420
1134.6	8230
1134.8	8320
1135	8391
1135.2	8528
1135.4	8281
1135.6	8361
1135.8	8262
1136	8326
1136.2	8194
1136.4	8248
1136.6	8282
1136.8	8376
1137	8295
1137.2	8303
1137.4	8263
1137.6	8311
1137.8	8281
1138	8355
1138.2	8044
1138.4	8212
1138.6	8195
1138.8	8356
1139	8012
1139.2	8009
1139.4	8164
1139.6	8176
1139.8	7832
1140	8024
1140.2	8032
1140.4	8024
1140.6	7923
1140.8	7983
1141	7960
1141.2	7937
1141.4	7899
1141.6	7988
1141.8	8046
1142	7906
1142.2	7957
1142.4	7831
1142.6	7874
1142.8	7854
1143	7870
1143.2	7952
1143.4	7908
1143.6	7857
1143.8	7843
1144	7854
1144.2	7841
1144.4	8000
1144.6	7722
1144.8	7751
1145	7814
1145.2	7890
1145.4	7665
1145.6	7804
1145.8	7827
1146	7778
1146.2	7674
1146.4	7763
1146.6	7678
1146.8	7663
1147	7633
1147.2	7792
1147.4	7701
1147.6	7745
1147.8	7830
1148	7666
1148.2	7656
1148.4	7603
1148.6	7784
1148.8	7490
1149	7684
1149.2	7557
1149.4	7558
1149.6	7456
1149.8	7547
1150	7461
1150.2	7577
1150.4	7372
1150.6	7449
1150.8	7530
1151	7287
1151.2	7334
1151.4	7496
1151.6	7440
1151.8	7438
1152	7455
1152.2	7511
1152.4	7497
1152.6	7505
1152.8	7371
1153	7437
1153.2	7392
1153.4	7430
1153.6	7457
1153.8	7553
1154	7454
1154.2	7372
1154.4	7322
1154.6	7328
1154.8	7541
1155	7268
1155.2	7283
1155.4	7177
1155.6	7370
1155.8	7218
1156	7210
1156.2	7249
1156.4	7155
1156.6	7104
1156.8	7311
1157	7324
1157.2	7012
1157.4	7207
1157.6	7090
1157.8	7030
1158	6965
1158.2	7185
1158.4	7019
1158.6	7012
1158.8	6986
1159	7031
1159.2	7038
1159.4	6974
1159.6	7172
1159.8	6818
1160	7023
1160.2	7051
1160.4	7012
1160.6	7146
1160.8	7186
1161	7133
1161.2	7118
1161.4	6993
1161.6	7080
1161.8	6982
1162	7127
1162.2	6985
1162.4	7136
1162.6	6976
1162.8	6975
1163	7072
1163.2	7162
1163.4	7026
1163.6	7022
1163.8	6961
1164	6878
1164.2	7010
1164.4	7075
1164.6	6935
1164.8	6958
1165	7041
1165.2	6908
1165.4	6982
1165.6	6979
1165.8	7014
1166	6917
1166.2	6905
1166.4	6999
1166.6	6902
1166.8	6870
1167	6874
1167.2	6897
1167.4	6943
1167.6	6914
1167.8	7016
1168	6720
1168.2	6857
1168.4	6905
1168.6	6798
1168.8	6812
1169	6726
1169.2	6806
1169.4	6767
1169.6	6886
1169.8	6764
1170	6754
1170.2	6619
1170.4	6829
1170.6	6826
1170.8	6891
1171	6757
1171.2	6711
1171.4	6823
1171.6	6894
1171.8	6794
1172	6851
1172.2	6701
1172.4	6788
1172.6	6806
1172.8	6765
1173	6889
1173.2	6776
1173.4	6778
1173.6	6795
1173.8	6900
1174	6814
1174.2	6878
1174.4	6686
1174.6	6825
1174.8	6791
1175	6747
1175.2	6661
1175.4	6714
1175.6	6636
1175.8	6845
1176	6773
1176.2	6724
1176.4	6602
1176.6	6740
1176.8	6687
1177	6629
1177.2	6697
1177.4	6688
1177.6	6582
1177.8	6639
1178	6638
1178.2	6764
1178.4	6740
1178.6	6709
1178.8	6675
1179	6490
1179.2	6731
1179.4	6644
1179.6	6655
1179.8	6606
1180	6819
1180.2	6747
1180.4	6672
1180.6	6711
1180.8	6749
1181	6795
1181.2	6590
1181.4	6596
1181.6	6777
1181.8	6536
1182	6750
1182.2	6786
1182.4	6661
1182.6	6590
1182.8	6588
1183	6516
1183.2	6698
1183.4	6454
1183.6	6567
1183.8	6600
1184	6598
1184.2	6612
1184.4	6413
1184.6	6576
1184.8	6660
1185	6387
1185.2	6623
1185.4	6489
1185.6	6533
1185.8	6451
1186	6705
1186.2	6631
1186.4	6731
1186.6	6645
1186.8	6708
1187	6468
1187.2	6661
1187.4	6675
1187.6	6457
1187.8	6610
1188	6459
1188.2	6540
1188.4	6692
1188.6	6485
1188.8	6443
1189	6490
1189.2	6697
1189.4	6490
1189.6	6616
1189.8	6723
1190	6591
1190.2	6665
1190.4	6818
1190.6	6737
1190.8	6853
1191	6615
1191.2	6772
1191.4	6505
1191.6	6564
1191.8	6567
1192	6672
1192.2	6613
1192.4	6615
1192.6	6447
1192.8	6495
1193	6645
1193.2	6496
1193.4	6687
1193.6	6450
1193.8	6574
1194	6510
1194.2	6666
1194.4	6585
1194.6	6737
1194.8	6573
1195	6631
1195.2	6575
1195.4	6558
1195.6	6490
1195.8	6528
1196	6577
1196.2	6533
1196.4	6751
1196.6	6373
1196.8	6575
1197	6410
1197.2	6639
1197.4	6583
1197.6	6463
1197.8	6651
1198	6458
1198.2	6643
1198.4	6634
1198.6	6562
1198.8	6558
1199	6625
1199.2	6500
1199.4	6512
1199.6	6435
1199.8	6515
1200	6542
1200.2	6748
1200.4	6709
1200.6	6575
1200.8	6454
1201	6409
1201.2	6594
1201.4	6635
1201.6	6598
1201.8	6636
1202	6470
1202.2	6523
1202.4	6702
1202.6	6601
1202.8	6567
1203	6448
1203.2	6483
1203.4	6598
1203.6	6398
1203.8	6557
1204	6779
1204.2	6552
1204.4	6496
1204.6	6544
1204.8	6497
1205	6632
1205.2	6626
1205.4	6617
1205.6	6483
1205.8	6551
1206	6654
1206.2	6622
1206.4	6587
1206.6	6546
1206.8	6377
1207	6682
1207.2	6625
1207.4	6505
1207.6	6680
1207.8	6500
1208	6617
1208.2	6633
1208.4	6329
1208.6	6660
1208.8	6517
1209	6640
1209.2	6686
1209.4	6696
1209.6	6646
1209.8	6568
1210	6515
1210.2	6767
1210.4	6592
1210.6	6687
1210.8	6702
1211	6538
1211.2	6625
1211.4	6538
1211.6	6647
1211.8	6639
1212	6572
1212.2	6729
1212.4	6624
1212.6	6748
1212.8	6730
1213	6421
1213.2	6563
1213.4	6654
1213.6	6707
1213.8	6520
1214	6793
1214.2	6505
1214.4	6493
1214.6	6519
1214.8	6673
1215	6710
1215.2	6688
1215.4	6528
1215.6	6658
1215.8	6478
1216	6587
1216.2	6615
1216.4	6534
1216.6	6539
1216.8	6614
1217	6602
1217.2	6647
1217.4	6654
1217.6	6573
1217.8	6592
1218	6649
1218.2	6478
1218.4	6645
1218.6	6579
1218.8	6597
1219	6763
1219.2	6786
1219.4	6716
1219.6	6725
1219.8	6734
1220	6725
1220.2	6577
1220.4	6572
1220.6	6629
1220.8	6654
1221	6533
1221.2	6635
1221.4	6706
1221.6	6592
1221.8	6560
1222	6548
1222.2	6586
1222.4	6580
1222.6	6705
1222.8	6651
1223	6613
1223.2	6648
1223.4	6753
1223.6	6695
1223.8	6777
1224	6726
1224.2	6685
1224.4	6689
1224.6	6767
1224.8	6706
1225	6509
1225.2	6634
1225.4	6607
1225.6	6619
1225.8	6755
1226	6516
1226.2	6514
1226.4	6562
1226.6	6537
1226.8	6813
1227	6724
1227.2	6690
1227.4	6589
1227.6	6619
1227.8	6561
1228	6567
1228.2	6584
1228.4	6569
1228.6	6727
1228.8	6568
1229	6604
1229.2	6646
1229.4	6602
1229.6	6593
1229.8	6575
1230	6598
1230.2	6694
1230.4	6479
1230.6	6470
1230.8	6695
1231	6570
1231.2	6605
1231.4	6697
1231.6	6625
1231.8	6674
1232	6620
1232.2	6520
1232.4	6432
1232.6	6597
1232.8	6576
1233	6447
1233.2	6497
1233.4	6415
1233.6	6629
1233.8	6575
1234	6574
1234.2	6584
1234.4	6533
1234.6	6643
1234.8	6365
1235	6572
1235.2	6590
1235.4	6650
1235.6	6742
1235.8	6669
1236	6553
1236.2	6634
1236.4	6555
1236.6	6742
1236.8	6831
1237	6684
1237.2	6462
1237.4	6668
1237.6	6811
1237.8	6937
1238	6660
1238.2	6471
1238.4	6732
1238.6	6610
1238.8	6590
1239	6591
1239.2	6599
1239.4	6633
1239.6	6519
1239.8	6635
1240	6571
1240.2	6516
1240.4	6665
1240.6	6632
1240.8	6842
1241	6732
1241.2	6644
1241.4	6719
1241.6	6792
1241.8	6775
1242	6717
1242.2	6669
1242.4	6709
1242.6	6792
1242.8	6751
1243	6750
1243.2	6736
1243.4	6496
1243.6	6791
1243.8	6668
1244	6675
1244.2	6630
1244.4	6686
1244.6	6752
1244.8	6724
1245	6683
1245.2	6756
1245.4	6655
1245.6	6889
1245.8	6707
1246	6743
1246.2	6699
1246.4	6774
1246.6	6618
1246.8	6678
1247	6764
1247.2	6652
1247.4	6688
1247.6	6703
1247.8	6601
1248	6794
1248.2	6716
1248.4	6806
1248.6	6662
1248.8	6623
1249	6597
1249.2	6771
1249.4	6758
1249.6	6657
1249.8	6650
1250	6670
1250.2	6664
1250.4	6767
1250.6	6706
1250.8	6618
1251	6596
1251.2	6798
1251.4	6846
1251.6	6739
1251.8	6770
1252	6813
1252.2	6994
1252.4	6770
1252.6	6815
1252.8	6789
1253	6840
1253.2	6757
1253.4	6737
1253.6	6687
1253.8	6611
1254	6737
1254.2	6941
1254.4	6677
1254.6	6705
1254.8	6717
1255	6753
1255.2	6757
1255.4	6669
1255.6	6748
1255.8	6783
1256	6722
1256.2	6822
1256.4	6841
1256.6	6711
1256.8	6838
1257	6952
1257.2	6824
1257.4	6681
1257.6	6729
1257.8	6855
1258	6862
1258.2	6644
1258.4	6663
1258.6	6757
1258.8	6754
1259	6714
1259.2	6665
1259.4	6891
1259.6	6869
1259.8	6905
1260	6953
1260.2	6730
1260.4	6825
1260.6	6659
1260.8	6716
1261	6845
1261.2	6998
1261.4	6761
1261.6	6961
1261.8	6762
1262	6704
1262.2	6826
1262.4	6889
1262.6	6879
1262.8	6695
1263	6898
1263.2	6824
1263.4	6796
1263.6	6860
1263.8	7003
1264	6866
1264.2	7019
1264.4	6854
1264.6	6846
1264.8	6721
1265	6932
1265.2	6872
1265.4	6937
1265.6	6801
1265.8	6839
1266	6994
1266.2	6973
1266.4	6939
1266.6	6820
1266.8	6920
1267	6781
1267.2	6970
1267.4	6896
1267.6	6906
1267.8	6866
1268	6895
1268.2	7001
1268.4	7008
1268.6	7022
1268.8	6998
1269	7040
1269.2	6988
1269.4	7029
1269.6	6940
1269.8	6992
1270	7024
1270.2	7077
1270.4	7115
1270.6	6930
1270.8	7060
1271	7122
1271.2	7243
1271.4	7173
1271.6	6965
1271.8	7044
1272	7079
1272.2	7096
1272.4	7017
1272.6	7131
1272.8	7050
1273	7019
1273.2	7018
1273.4	7079
1273.6	6990
1273.8	7014
1274	6968
1274.2	7178
1274.4	7106
1274.6	7202
1274.8	7073
1275	7150
1275.2	7099
1275.4	7145
1275.6	7229
1275.8	7290
1276	7086
1276.2	7074
1276.4	6998
1276.6	7202
1276.8	7300
1277	7089
1277.2	7105
1277.4	7159
1277.6	7107
1277.8	7230
1278	7056
1278.2	7202
1278.4	7143
1278.6	7291
1278.8	7221
1279	7229
1279.2	7296
1279.4	7280
1279.6	7106
1279.8	7203
1280	7296
1280.2	7264
1280.4	7123
1280.6	7279
1280.8	7140
1281	7133
1281.2	7232
1281.4	7183
1281.6	7219
1281.8	7118
1282	7109
1282.2	7207
1282.4	7232
1282.6	7193
1282.8	7151
1283	7201
1283.2	7304
1283.4	7269
1283.6	7337
1283.8	7332
1284	7263
1284.2	7344
1284.4	7339
1284.6	7295
1284.8	7283
1285	7241
1285.2	7268
1285.4	7413
1285.6	7366
1285.8	7363
1286	7330
1286.2	7299
1286.4	7210
1286.6	7294
1286.8	7315
1287	7305
1287.2	7408
1287.4	7317
1287.6	7349
1287.8	7255
1288	7457
1288.2	7384
1288.4	7328
1288.6	7387
1288.8	7400
1289	7272
1289.2	7430
1289.4	7314
1289.6	7440
1289.8	7358
1290	7475
1290.2	7266
1290.4	7284
1290.6	7447
1290.8	7481
1291	7392
1291.2	7387
1291.4	7256
1291.6	7427
1291.8	7355
1292	7408
1292.2	7410
1292.4	7496
1292.6	7572
1292.8	7619
1293	7470
1293.2	7368
1293.4	7584
1293.6	7646
1293.8	7500
1294	7673
1294.2	7673
1294.4	7571
1294.6	7564
1294.8	7858
1295	7600
1295.2	7603
1295.4	7492
1295.6	7671
1295.8	7462
1296	7686
1296.2	7579
1296.4	7513
1296.6	7554
1296.8	7567
1297	7546
1297.2	7517
1297.4	7559
1297.6	7406
1297.8	7694
1298	7509
1298.2	7401
1298.4	7653
1298.6	7628
1298.8	7470
1299	7623
1299.2	7698
1299.4	7694
1299.6	7617
1299.8	7612
1300	7827
1300.2	7808
1300.4	7902
1300.6	7827
1300.8	7758
1301	7735
1301.2	7694
1301.4	7654
1301.6	7613
1301.8	7645
1302	7704
1302.2	7531
1302.4	7697
1302.6	7654
1302.8	7773
1303	7700
1303.2	7662
1303.4	7806
1303.6	7797
1303.8	7829
1304	7640
1304.2	7612
1304.4	7776
1304.6	7554
1304.8	7830
1305	7722
1305.2	7698
1305.4	7850
1305.6	7690
1305.8	7697
1306	7894
1306.2	7723
1306.4	7766
1306.6	7726
1306.8	7879
1307	7777
1307.2	7873
1307.4	7706
1307.6	8007
1307.8	7936
1308	7883
1308.2	8086
1308.4	7857
1308.6	7920
1308.8	7960
1309	7841
1309.2	7907
1309.4	7776
1309.6	7923
1309.8	7917
1310	8004
1310.2	7950
1310.4	7962
1310.6	7876
1310.8	7781
1311	7990
1311.2	7932
1311.4	8046
1311.6	7940
1311.8	7991
1312	7972
1312.2	8022
1312.4	7988
1312.6	8081
1312.8	8147
1313	8038
1313.2	8084
1313.4	8252
1313.6	8248
1313.8	8302
1314	8116
1314.2	8183
1314.4	8239
1314.6	8238
1314.8	8279
1315	8152
1315.2	8186
1315.4	8128
1315.6	8126
1315.8	8275
1316	8152
1316.2	8195
1316.4	8021
1316.6	8445
1316.8	8234
1317	8358
1317.2	8324
1317.4	8328
1317.6	8264
1317.8	8113
1318	8348
1318.2	8175
1318.4	8391
1318.6	8351
1318.8	8303
1319	8312
1319.2	8341
1319.4	8336
1319.6	8245
1319.8	8523
1320	8376
1320.2	8483
1320.4	8462
1320.6	8551
1320.8	8374
1321	8386
1321.2	8681
1321.4	8566
1321.6	8564
1321.8	8639
1322	8437
1322.2	8576
1322.4	8704
1322.6	8635
1322.8	8526
1323	8567
1323.2	8767
1323.4	8619
1323.6	8459
1323.8	8824
1324	8691
1324.2	8897
1324.4	8841
1324.6	8734
1324.8	8802
1325	8783
1325.2	8648
1325.4	8915
1325.6	8893
1325.8	8736
1326	9058
1326.2	8980
1326.4	8858
1326.6	8835
1326.8	9073
1327	9115
1327.2	9139
1327.4	9076
1327.6	8909
1327.8	9147
1328	9017
1328.2	9118
1328.4	9172
1328.6	9244
1328.8	9098
1329	9026
1329.2	9087
1329.4	9091
1329.6	9083
1329.8	9231
1330	9169
1330.2	9251
1330.4	9170
1330.6	9351
1330.8	9214
1331	9117
1331.2	9208
1331.4	9285
1331.6	9267
1331.8	9278
1332	9173
1332.2	9312
1332.4	9293
1332.6	9314
1332.8	9203
1333	9255
1333.2	9336
1333.4	9312
1333.6	9436
1333.8	9444
1334	9365
1334.2	9496
1334.4	9506
1334.6	9265
1334.8	9596
1335	9384
1335.2	9505
1335.4	9423
1335.6	9378
1335.8	9597
1336	9450
1336.2	9583
1336.4	9477
1336.6	9307
1336.8	9369
1337	9292
1337.2	9392
1337.4	9274
1337.6	9335
1337.8	9389
1338	9526
1338.2	9639
1338.4	9328
1338.6	9345
1338.8	9494
1339	9440
1339.2	9400
1339.4	9330
1339.6	9586
1339.8	9680
1340	9517
1340.2	9505
1340.4	9512
1340.6	9514
1340.8	9282
1341	9282
1341.2	9377
1341.4	9420
1341.6	9438
1341.8	9317
1342	9617
1342.2	9405
1342.4	9355
1342.6	9496
1342.8	9364
1343	9320
1343.2	9297
1343.4	9310
1343.6	9380
1343.8	9417
1344	9232
1344.2	9569
1344.4	9451
1344.6	9395
1344.8	9244
1345	9544
1345.2	9355
1345.4	9496
1345.6	9230
1345.8	9338
1346	9477
1346.2	9420
1346.4	9266
1346.6	9249
1346.8	9428
1347	9300
1347.2	9326
1347.4	9400
1347.6	9539
1347.8	9151
1348	9470
1348.2	9289
1348.4	9289
1348.6	9291
1348.8	9321
1349	9330
1349.2	9341
1349.4	9369
1349.6	9237
1349.8	9264
1350	9208
1350.2	9233
1350.4	9344
1350.6	9312
1350.8	9307
1351	9188
1351.2	9267
1351.4	9252
1351.6	9236
1351.8	9254
1352	9446
1352.2	9384
1352.4	9356
1352.6	9188
1352.8	9336
1353	9478
1353.2	9193
1353.4	9492
1353.6	9235
1353.8	9620
1354	9341
1354.2	9312
1354.4	9186
1354.6	9331
1354.8	9243
1355	9177
1355.2	9298
1355.4	9109
1355.6	9211
1355.8	9048
1356	9248
1356.2	9421
1356.4	9243
1356.6	9150
1356.8	9296
1357	9190
1357.2	9234
1357.4	9216
1357.6	9191
1357.8	9489
1358	9246
1358.2	9279
1358.4	9281
1358.6	9231
1358.8	9415
1359	9336
1359.2	9249
1359.4	8958
1359.6	9192
1359.8	9399
1360	9124
1360.2	9166
1360.4	9294
1360.6	9351
1360.8	9101
1361	9350
1361.2	9374
1361.4	9204
1361.6	9338
1361.8	9383
1362	9125
1362.2	9237
1362.4	9175
1362.6	9149
1362.8	9166
1363	9100
1363.2	9264
1363.4	9085
1363.6	9048
1363.8	9278
1364	9083
1364.2	9134
1364.4	9427
1364.6	9126
1364.8	9212
1365	9082
1365.2	9163
1365.4	9207
1365.6	9388
1365.8	9066
1366	9269
1366.2	9180
1366.4	9195
1366.6	9175
1366.8	8936
1367	9149
1367.2	9153
1367.4	9163
1367.6	9027
1367.8	9156
1368	9045
1368.2	8997
1368.4	8992
1368.6	8952
1368.8	9133
1369	8907
1369.2	8913
1369.4	9121
1369.6	9187
1369.8	8862
1370	9042
1370.2	8938
1370.4	8990
1370.6	8896
1370.8	8953
1371	9051
1371.2	9007
1371.4	9087
1371.6	8917
1371.8	8918
1372	8899
1372.2	8929
1372.4	8958
1372.6	8836
1372.8	8743
1373	8903
1373.2	8813
1373.4	8958
1373.6	8693
1373.8	8639
1374	8776
1374.2	8628
1374.4	8695
1374.6	8627
1374.8	8744
1375	8613
1375.2	8606
1375.4	8695
1375.6	8787
1375.8	8620
1376	8608
1376.2	8802
1376.4	8786
1376.6	8529
1376.8	8592
1377	8756
1377.2	8773
1377.4	8693
1377.6	8619
1377.8	8703
1378	8713
1378.2	8621
1378.4	8659
1378.6	8635
1378.8	8525
1379	8489
1379.2	8659
1379.4	8578
1379.6	8539
1379.8	8497
1380	8659
1380.2	8453
1380.4	8343
1380.6	8589
1380.8	8525
1381	8590
1381.2	8682
1381.4	8566
1381.6	8651
1381.8	8541
1382	8661
1382.2	8534
1382.4	8419
1382.6	8190
1382.8	8535
1383	8558
1383.2	8581
1383.4	8592
1383.6	8732
1383.8	8509
1384	8443
1384.2	8728
1384.4	8508
1384.6	8461
1384.8	8326
1385	8557
1385.2	8556
1385.4	8531
1385.6	8531
1385.8	8515
1386	8472
1386.2	8691
1386.4	8567
1386.6	8669
1386.8	8351
1387	8596
1387.2	8543
1387.4	8644
1387.6	8578
1387.8	8635
1388	8505
1388.2	8587
1388.4	8471
1388.6	8496
1388.8	8418
1389	8462
1389.2	8497
1389.4	8309
1389.6	8405
1389.8	8439
1390	8372
1390.2	8307
1390.4	8334
1390.6	8526
1390.8	8327
1391	8520
1391.2	8614
1391.4	8544
1391.6	8414
1391.8	8484
1392	8248
1392.2	8484
1392.4	8295
1392.6	8453
1392.8	8441
1393	8451
1393.2	8409
1393.4	8377
1393.6	8447
1393.8	8341
1394	8309
1394.2	8405
1394.4	8412
1394.6	8247
1394.8	8448
1395	8444
1395.2	8333
1395.4	8438
1395.6	8504
1395.8	8398
1396	8557
1396.2	8183
1396.4	8349
1396.6	8149
1396.8	8257
1397	8482
1397.2	8251
1397.4	8330
1397.6	8333
1397.8	8522
1398	8402
1398.2	8107
1398.4	8235
1398.6	8433
1398.8	8423
1399	8192
1399.2	8253
1399.4	8412
1399.6	8459
1399.8	8317
1400	8455
1400.2	8445
1400.4	8605
1400.6	8290
1400.8	8403
1401	8374
1401.2	8370
1401.4	8407
1401.6	8227
1401.8	8216
1402	8580
1402.2	8354
1402.4	8219
1402.6	8371
1402.8	8240
1403	8477
1403.2	8409
1403.4	8416
1403.6	8374
1403.8	8423
1404	8563
1404.2	8648
1404.4	8497
1404.6	8480
1404.8	8271
1405	8460
1405.2	8347
1405.4	8465
1405.6	8445
1405.8	8519
1406	8449
1406.2	8396
1406.4	8449
1406.6	8384
1406.8	8517
1407	8493
1407.2	8645
1407.4	8418
1407.6	8558
1407.8	8438
1408	8533
1408.2	8353
1408.4	8521
1408.6	8437
1408.8	8477
1409	8305
1409.2	8444
1409.4	8449
1409.6	8616
1409.8	8526
1410	8585
1410.2	8535
1410.4	8525
1410.6	8354
1410.8	8567
1411	8567
1411.2	8629
1411.4	8604
1411.6	8664
1411.8	8566
1412	8715
1412.2	8677
1412.4	8701
1412.6	8499
1412.8	8615
1413	8720
1413.2	8849
1413.4	8630
1413.6	8787
1413.8	8585
1414	8515
1414.2	8707
1414.4	8886
1414.6	8619
1414.8	8723
1415	8755
1415.2	8653
1415.4	8675
1415.6	8811
1415.8	8817
1416	8735
1416.2	8864
1416.4	8600
1416.6	8968
1416.8	8850
1417	8848
1417.2	8887
1417.4	8858
1417.6	8953
1417.8	8916
1418	8822
1418.2	9097
1418.4	8969
1418.6	8917
1418.8	8990
1419	9040
1419.2	8937
1419.4	8902
1419.6	8966
1419.8	9147
1420	9154
1420.2	9010
1420.4	9106
1420.6	8965
1420.8	9025
1421	9097
1421.2	9147
1421.4	9079
1421.6	9155
1421.8	9165
1422	9160
1422.2	9304
1422.4	9317
1422.6	9136
1422.8	9245
1423	9108
1423.2	9201
1423.4	9437
1423.6	9376
1423.8	9382
1424	9265
1424.2	9311
1424.4	9236
1424.6	9358
1424.8	9368
1425	9468
1425.2	9490
1425.4	9375
1425.6	9370
1425.8	9346
1426	9336
1426.2	9179
1426.4	9331
1426.6	9202
1426.8	9483
1427	9455
1427.2	9545
1427.4	9591
1427.6	9761
1427.8	9519
1428	9467
1428.2	9648
1428.4	9701
1428.6	9465
1428.8	9701
1429	9587
1429.2	9748
1429.4	9664
1429.6	9751
1429.8	9735
1430	9687
1430.2	9748
1430.4	9732
1430.6	9824
1430.8	9843
1431	9939
1431.2	9796
1431.4	9739
1431.6	10007
1431.8	9964
1432	9921
1432.2	9961
1432.4	9926
1432.6	9727
1432.8	9836
1433	9895
1433.2	9874
1433.4	9742
1433.6	9917
1433.8	9861
1434	9912
1434.2	9832
1434.4	10049
1434.6	10138
1434.8	10119
1435	10038
1435.2	10047
1435.4	10001
1435.6	10188
1435.8	10026
1436	10068
1436.2	10138
1436.4	9880
1436.6	10329
1436.8	10346
1437	10187
1437.2	10290
1437.4	10242
1437.6	10146
1437.8	10084
1438	10392
1438.2	10250
1438.4	10315
1438.6	10338
1438.8	10269
1439	10160
1439.2	10344
1439.4	10259
1439.6	10299
1439.8	10398
1440	10287
1440.2	10377
1440.4	10233
1440.6	10361
1440.8	10314
1441	10594
1441.2	10458
1441.4	10384
1441.6	10255
1441.8	10709
1442	10488
1442.2	10591
1442.4	10314
1442.6	10450
1442.8	10474
1443	10452
1443.2	10486
1443.4	10516
1443.6	10430
1443.8	10535
1444	10481
1444.2	10474
1444.4	10445
1444.6	10479
1444.8	10428
1445	10526
1445.2	10632
1445.4	10471
1445.6	10523
1445.8	10606
1446	10569
1446.2	10741
1446.4	10502
1446.6	10573
1446.8	10719
1447	10583
1447.2	10563
1447.4	10607
1447.6	10569
1447.8	10532
1448	10446
1448.2	10601
1448.4	10643
1448.6	10501
1448.8	10594
1449	10749
1449.2	10822
1449.4	10585
1449.6	10718
1449.8	10787
1450	10878
1450.2	10855
1450.4	10807
1450.6	10800
1450.8	10765
1451	10628
1451.2	10774
1451.4	10587
1451.6	10921
1451.8	10781
1452	10715
1452.2	10793
1452.4	10772
1452.6	10796
1452.8	10527
1453	10641
1453.2	10624
1453.4	10629
1453.6	10768
1453.8	10715
1454	11016
1454.2	10880
1454.4	10961
1454.6	10893
1454.8	10785
1455	11244
1455.2	10853
1455.4	11021
1455.6	10764
1455.8	10820
1456	11007
1456.2	10681
1456.4	10788
1456.6	10952
1456.8	11021
1457	10697
1457.2	10837
1457.4	11049
1457.6	11103
1457.8	10988
1458	10835
1458.2	10945
1458.4	10746
1458.6	11146
1458.8	10912
1459	10970
1459.2	11219
1459.4	10906
1459.6	11151
1459.8	11035
1460	11090
1460.2	11267
1460.4	11118
1460.6	11267
1460.8	11062
1461	11168
1461.2	11148
1461.4	10962
1461.6	10960
1461.8	10992
1462	11059
1462.2	11188
1462.4	11193
1462.6	11199
1462.8	10969
1463	11196
1463.2	11363
1463.4	11165
1463.6	11303
1463.8	11300
1464	11206
1464.2	11209
1464.4	11318
1464.6	11054
1464.8	11389
1465	11170
1465.2	11185
1465.4	11159
1465.6	11040
1465.8	11306
1466	11117
1466.2	11206
1466.4	11170
1466.6	11156
1466.8	11259
1467	11164
1467.2	11221
1467.4	11128
1467.6	11231
1467.8	11099
1468	11361
1468.2	11294
1468.4	11276
1468.6	11250
1468.8	11376
1469	11451
1469.2	11392
1469.4	11105
1469.6	11244
1469.8	11042
1470	11268
1470.2	11178
1470.4	11381
1470.6	11412
1470.8	11261
1471	11140
1471.2	11258
1471.4	11131
1471.6	11014
1471.8	11323
1472	11358
1472.2	11141
1472.4	11162
1472.6	11413
1472.8	11259
1473	11290
1473.2	11267
1473.4	11339
1473.6	11148
1473.8	11416
1474	11257
1474.2	11156
1474.4	11369
1474.6	11050
1474.8	11164
1475	11124
1475.2	11113
1475.4	11240
1475.6	11424
1475.8	11208
1476	11107
1476.2	11208
1476.4	11194
1476.6	11158
1476.8	11200
1477	11239
1477.2	11159
1477.4	11317
1477.6	11078
1477.8	11154
1478	11287
1478.2	11049
1478.4	11007
1478.6	11413
1478.8	11279
1479	11244
1479.2	11045
1479.4	11657
1479.6	10965
1479.8	11117
1480	10823
1480.2	11040
1480.4	11219
1480.6	11156
1480.8	10977
1481	10675
1481.2	10787
1481.4	11015
1481.6	11087
1481.8	10980
1482	10941
1482.2	11077
1482.4	11260
1482.6	10966
1482.8	11001
1483	11143
1483.2	10957
1483.4	11123
1483.6	11077
1483.8	11091
1484	10842
1484.2	11021
1484.4	11147
1484.6	10902
1484.8	10899
1485	10916
1485.2	10998
1485.4	10897
1485.6	11058
1485.8	10996
1486	10856
1486.2	10831
1486.4	10781
1486.6	10743
1486.8	10819
1487	10964
1487.2	10710
1487.4	10992
1487.6	11009
1487.8	10780
1488	10800
1488.2	10970
1488.4	10720
1488.6	10821
1488.8	10709
1489	10734
1489.2	10906
1489.4	10692
1489.6	10847
1489.8	10509
1490	10786
1490.2	10560
1490.4	10574
1490.6	10756
1490.8	10705
1491	10667
1491.2	10757
1491.4	10807
1491.6	10706
1491.8	10572
1492	10547
1492.2	10529
1492.4	10633
1492.6	10655
1492.8	10594
1493	10689
1493.2	10513
1493.4	10723
1493.6	10579
1493.8	10636
1494	10533
1494.2	10475
1494.4	10457
1494.6	10533
1494.8	10416
1495	10535
1495.2	10472
1495.4	10386
1495.6	10432
1495.8	10375
1496	10621
1496.2	10578
1496.4	10637
1496.6	10567
1496.8	10311
1497	10683
1497.2	10401
1497.4	10470
1497.6	10414
1497.8	10242
1498	10355
1498.2	10330
1498.4	10299
1498.6	10344
1498.8	10586
1499	10598
1499.2	10402
1499.4	10419
1499.6	10419
1499.8	10208
1500	10384
1500.2	10224
1500.4	10244
1500.6	10407
1500.8	10543
1501	10226
1501.2	10380
1501.4	10197
1501.6	10524
1501.8	10081
1502	10300
1502.2	10267
1502.4	10213
1502.6	10230
1502.8	10282
1503	10394
1503.2	10232
1503.4	10411
1503.6	10185
1503.8	10216
1504	10270
1504.2	10031
1504.4	10202
1504.6	10252
1504.8	10338
1505	10025
1505.2	10323
1505.4	10191
1505.6	10209
1505.8	10177
1506	10098
1506.2	10198
1506.4	10313
1506.6	10161
1506.8	10275
1507	10196
1507.2	10078
1507.4	10303
1507.6	10269
1507.8	10258
1508	10202
1508.2	10237
1508.4	10345
1508.6	10288
1508.8	10133
1509	10495
1509.2	10135
1509.4	10173
1509.6	10244
1509.8	9923
1510	10295
1510.2	10090
1510.4	10030
1510.6	10080
1510.8	9925
1511	10093
1511.2	10149
1511.4	10150
1511.6	10073
1511.8	10199
1512	10095
1512.2	10078
1512.4	10032
1512.6	10044
1512.8	10061
1513	10066
1513.2	9890
1513.4	9941
1513.6	10053
1513.8	10103
1514	10126
1514.2	9977
1514.4	9945
1514.6	9832
1514.8	10139
1515	10109
1515.2	9902
1515.4	9917
1515.6	10042
1515.8	10191
1516	10041
1516.2	10017
1516.4	10214
1516.6	9947
1516.8	10019
1517	10000
1517.2	9772
1517.4	9945
1517.6	9792
1517.8	9865
1518	9922
1518.2	9939
1518.4	9885
1518.6	10010
1518.8	9841
1519	9915
1519.2	9694
1519.4	9770
1519.6	9942
1519.8	9795
1520	9725
1520.2	9694
1520.4	9841
1520.6	9778
1520.8	10068
1521	9742
1521.2	9817
1521.4	9709
1521.6	9771
1521.8	9762
1522	9746
1522.2	9943
1522.4	9911
1522.6	9819
1522.8	9831
1523	9928
1523.2	9897
1523.4	9735
1523.6	9840
1523.8	9933
1524	9764
1524.2	9906
1524.4	9788
1524.6	9614
1524.8	9666
1525	9608
1525.2	9815
1525.4	9827
1525.6	9759
1525.8	9820
1526	9694
1526.2	9786
1526.4	9680
1526.6	9693
1526.8	9670
1527	9709
1527.2	9794
1527.4	9778
1527.6	9740
1527.8	9662
1528	9625
1528.2	9801
1528.4	9792
1528.6	9672
1528.8	9628
1529	9572
1529.2	9702
1529.4	9682
1529.6	9600
1529.8	9829
1530	9526
1530.2	9634
1530.4	9611
1530.6	9609
1530.8	9499
1531	9603
1531.2	9805
1531.4	9819
1531.6	9516
1531.8	9856
1532	9760
1532.2	9597
1532.4	9638
1532.6	9749
1532.8	9797
1533	9571
1533.2	9570
1533.4	9718
1533.6	9723
1533.8	9768
1534	9691
1534.2	9599
1534.4	9668
1534.6	9628
1534.8	9709
1535	9587
1535.2	9645
1535.4	9693
1535.6	9657
1535.8	9643
1536	9719
1536.2	9821
1536.4	9771
1536.6	9613
1536.8	9671
1537	9697
1537.2	9697
1537.4	9475
1537.6	9631
1537.8	9750
1538	9636
1538.2	9785
1538.4	9694
1538.6	9688
1538.8	9679
1539	9528
1539.2	9811
1539.4	9535
1539.6	9760
1539.8	9718
1540	9662
1540.2	9763
1540.4	9796
1540.6	9879
1540.8	9587
1541	9728
1541.2	9560
1541.4	9705
1541.6	9638
1541.8	9457
1542	9775
1542.2	9540
1542.4	9516
1542.6	9529
1542.8	9678
1543	9873
1543.2	9668
1543.4	9728
1543.6	9653
1543.8	9504
1544	9476
1544.2	9694
1544.4	9766
1544.6	9781
1544.8	9793
1545	9709
1545.2	9766
1545.4	9637
1545.6	9704
1545.8	9693
1546	9386
1546.2	9853
1546.4	9714
1546.6	9620
1546.8	9704
1547	9767
1547.2	9334
1547.4	9638
1547.6	9557
1547.8	9461
1548	9537
1548.2	9581
1548.4	9692
1548.6	9744
1548.8	9557
1549	9630
1549.2	9662
1549.4	9676
1549.6	9413
1549.8	9636
1550	9339
1550.2	9417
1550.4	9249
1550.6	9561
1550.8	9449
1551	9580
1551.2	9430
1551.4	9560
1551.6	9768
1551.8	9402
1552	9436
1552.2	9510
1552.4	9431
1552.6	9434
1552.8	9222
1553	9381
1553.2	9329
1553.4	9532
1553.6	9371
1553.8	9253
1554	9223
1554.2	9416
1554.4	9349
1554.6	9565
1554.8	9249
1555	9482
1555.2	9322
1555.4	9237
1555.6	9302
1555.8	9445
1556	9283
1556.2	9449
1556.4	9203
1556.6	9239
1556.8	9345
1557	9261
1557.2	9245
1557.4	9271
1557.6	9360
1557.8	9325
1558	9316
1558.2	9229
1558.4	9153
1558.6	9196
1558.8	9334
1559	9285
1559.2	9127
1559.4	9289
1559.6	9313
1559.8	9387
1560	9326
1560.2	9379
1560.4	9386
1560.6	9264
1560.8	9052
1561	9029
1561.2	9023
1561.4	9250
1561.6	9124
1561.8	9103
1562	8986
1562.2	8980
1562.4	9067
1562.6	9096
1562.8	9179
1563	9124
1563.2	9135
1563.4	9234
1563.6	9102
1563.8	9072
1564	9186
1564.2	9042
1564.4	9017
1564.6	9223
1564.8	9178
1565	8975
1565.2	9059
1565.4	9218
1565.6	9409
1565.8	9112
1566	9196
1566.2	9326
1566.4	9054
1566.6	9211
1566.8	9118
1567	9093
1567.2	9005
1567.4	9057
1567.6	8995
1567.8	9047
1568	9017
1568.2	9137
1568.4	9044
1568.6	9108
1568.8	9267
1569	9028
1569.2	8954
1569.4	8872
1569.6	8965
1569.8	8801
1570	8863
1570.2	9080
1570.4	8979
1570.6	8790
1570.8	9044
1571	8843
1571.2	8712
1571.4	8850
1571.6	8960
1571.8	8981
1572	9005
1572.2	9158
1572.4	8886
1572.6	9040
1572.8	9080
1573	8807
1573.2	8781
1573.4	8674
1573.6	8717
1573.8	8736
1574	8594
1574.2	8994
1574.4	8861
1574.6	8855
1574.8	8875
1575	8710
1575.2	8629
1575.4	8786
1575.6	8715
1575.8	8573
1576	8950
1576.2	8850
1576.4	8677
1576.6	8683
1576.8	8580
1577	8595
1577.2	8589
1577.4	8544
1577.6	8507
1577.8	8684
1578	8546
1578.2	8559
1578.4	8698
1578.6	8518
1578.8	8620
1579	8415
1579.2	8741
1579.4	8590
1579.6	8609
1579.8	8450
1580	8489
1580.2	8559
1580.4	8449
1580.6	8542
1580.8	8515
1581	8638
1581.2	8465
1581.4	8475
1581.6	8473
1581.8	8510
1582	8331
1582.2	8536
1582.4	8535
1582.6	8439
1582.8	8554
1583	8608
1583.2	8524
1583.4	8503
1583.6	8471
1583.8	8440
1584	8485
1584.2	8445
1584.4	8607
1584.6	8370
1584.8	8204
1585	8351
1585.2	8204
1585.4	8343
1585.6	8178
1585.8	8375
1586	8286
1586.2	8273
1586.4	8366
1586.6	8292
1586.8	8332
1587	8336
1587.2	8312
1587.4	8182
1587.6	8287
1587.8	8226
1588	8164
1588.2	8247
1588.4	8287
1588.6	8360
1588.8	8223
1589	8253
1589.2	8113
1589.4	8157
1589.6	8193
1589.8	8197
1590	8301
1590.2	8232
1590.4	8159
1590.6	8035
1590.8	8161
1591	8252
1591.2	8180
1591.4	8217
1591.6	8331
1591.8	8131
1592	8208
1592.2	7955
1592.4	8276
1592.6	7944
1592.8	8101
1593	8067
1593.2	8075
1593.4	8304
1593.6	8153
1593.8	8147
1594	8035
1594.2	8151
1594.4	8169
1594.6	8051
1594.8	8082
1595	7773
1595.2	7975
1595.4	7943
1595.6	7913
1595.8	7925
1596	7860
1596.2	7701
1596.4	7807
1596.6	7904
1596.8	7744
1597	7731
1597.2	7881
1597.4	7911
1597.6	7749
1597.8	7776
1598	7748
1598.2	7686
1598.4	7902
1598.6	7624
1598.8	7871
1599	7722
1599.2	7930
1599.4	7772
1599.6	7905
1599.8	7653
1600	7714
1600.2	7814
1600.4	7840
1600.6	7811
1600.8	7701
1601	7660
1601.2	7655
1601.4	7672
1601.6	7769
1601.8	7729
1602	7631
1602.2	7729
1602.4	7845
1602.6	7652
1602.8	7605
1603	7812
1603.2	7508
1603.4	7559
1603.6	7668
1603.8	7612
1604	7737
1604.2	7684
1604.4	7624
1604.6	7401
1604.8	7541
1605	7585
1605.2	7591
1605.4	7488
1605.6	7534
1605.8	7410
1606	7574
1606.2	7631
1606.4	7479
1606.6	7367
1606.8	7495
1607	7403
1607.2	7391
1607.4	7527
1607.6	7464
1607.8	7463
1608	7425
1608.2	7521
1608.4	7643
1608.6	7454
1608.8	7513
1609	7332
1609.2	7337
1609.4	7506
1609.6	7500
1609.8	7462
1610	7302
1610.2	7364
1610.4	7402
1610.6	7542
1610.8	7312
1611	7397
1611.2	7294
1611.4	7368
1611.6	7464
1611.8	7277
1612	7480
1612.2	7314
1612.4	7427
1612.6	7235
1612.8	7254
1613	7174
1613.2	7260
1613.4	6979
1613.6	7309
1613.8	7398
1614	7390
1614.2	7240
1614.4	7288
1614.6	7285
1614.8	7026
1615	7291
1615.2	6996
1615.4	7094
1615.6	7301
1615.8	7124
1616	7099
1616.2	6985
1616.4	7067
1616.6	7184
1616.8	7202
1617	7189
1617.2	7144
1617.4	7041
1617.6	7076
1617.8	6918
1618	7072
1618.2	6950
1618.4	6942
1618.6	7043
1618.8	7020
1619	7084
1619.2	7062
1619.4	6958
1619.6	6905
1619.8	7022
1620	7036
1620.2	6933
1620.4	7074
1620.6	6973
1620.8	7021
1621	6942
1621.2	6963
1621.4	6900
1621.6	7048
1621.8	6885
1622	6996
1622.2	6901
1622.4	6981
1622.6	6889
1622.8	6889
1623	7021
1623.2	6740
1623.4	6962
1623.6	7005
1623.8	6912
1624	7033
1624.2	6875
1624.4	6845
1624.6	6903
1624.8	6633
1625	6607
1625.2	6804
1625.4	6781
1625.6	6751
1625.8	6820
1626	6924
1626.2	6845
1626.4	6831
1626.6	6661
1626.8	6731
1627	6895
1627.2	6979
1627.4	6755
1627.6	6805
1627.8	6757
1628	6797
1628.2	6675
1628.4	6824
1628.6	6678
1628.8	6781
1629	6581
1629.2	6770
1629.4	6772
1629.6	6805
1629.8	6869
1630	6799
1630.2	6636
1630.4	6683
1630.6	6851
1630.8	6789
1631	6760
1631.2	6646
1631.4	6645
1631.6	6607
1631.8	6543
1632	6573
1632.2	6585
1632.4	6613
1632.6	6555
1632.8	6470
1633	6685
1633.2	6470
1633.4	6761
1633.6	6480
1633.8	6401
1634	6524
1634.2	6539
1634.4	6563
1634.6	6517
1634.8	6386
1635	6587
1635.2	6535
1635.4	6550
1635.6	6431
1635.8	6573
1636	6580
1636.2	6495
1636.4	6569
1636.6	6572
1636.8	6597
1637	6543
1637.2	6467
1637.4	6521
1637.6	6462
1637.8	6479
1638	6523
1638.2	6387
1638.4	6622
1638.6	6519
1638.8	6411
1639	6480
1639.2	6623
1639.4	6645
1639.6	6482
1639.8	6467
1640	6273
1640.2	6513
1640.4	6420
1640.6	6377
1640.8	6358
1641	6342
1641.2	6319
1641.4	6558
1641.6	6576
1641.8	6447
1642	6351
1642.2	6439
1642.4	6548
1642.6	6369
1642.8	6311
1643	6364
1643.2	6508
1643.4	6485
1643.6	6445
1643.8	6340
1644	6244
1644.2	6446
1644.4	6425
1644.6	6373
1644.8	6362
1645	6424
1645.2	6550
1645.4	6390
1645.6	6363
1645.8	6374
1646	6499
1646.2	6489
1646.4	6374
1646.6	6305
1646.8	6345
1647	6386
1647.2	6452
1647.4	6407
1647.6	6284
1647.8	6338
1648	6531
1648.2	6288
1648.4	6307
1648.6	6435
1648.8	6375
1649	6305
1649.2	6288
1649.4	6414
1649.6	6391
1649.8	6278
1650	6273
1650.2	6334
1650.4	6362
1650.6	6246
1650.8	6326
1651	6269
1651.2	6315
1651.4	6284
1651.6	6071
1651.8	6179
1652	6145
1652.2	6180
1652.4	6212
1652.6	6313
1652.8	6251
1653	6219
1653.2	6204
1653.4	6175
1653.6	6259
1653.8	6192
1654	6247
1654.2	6211
1654.4	6265
1654.6	6148
1654.8	6154
1655	6194
1655.2	6334
1655.4	6316
1655.6	6178
1655.8	6258
1656	6229
1656.2	6088
1656.4	6066
1656.6	6202
1656.8	6026
1657	6053
1657.2	6173
1657.4	6164
1657.6	6059
1657.8	6176
1658	6156
1658.2	6060
1658.4	6034
1658.6	6175
1658.8	6130
1659	6085
1659.2	6125
1659.4	6184
1659.6	6242
1659.8	6312
1660	6164
1660.2	6081
1660.4	6110
1660.6	6054
1660.8	6131
1661	6132
1661.2	6222
1661.4	6087
1661.6	6326
1661.8	6116
1662	6371
1662.2	6233
1662.4	6169
1662.6	6113
1662.8	6144
1663	6185
1663.2	6039
1663.4	6148
1663.6	6155
1663.8	5991
1664	6125
1664.2	6147
1664.4	6079
1664.6	6170
1664.8	6155
1665	6149
1665.2	6246
1665.4	6215
1665.6	6381
1665.8	6244
1666	6265
1666.2	6251
1666.4	6146
1666.6	6056
1666.8	6173
1667	6123
1667.2	6211
1667.4	6027
1667.6	6235
1667.8	6103
1668	6125
1668.2	6043
1668.4	6056
1668.6	6311
1668.8	6258
1669	6057
1669.2	6106
1669.4	6017
1669.6	6070
1669.8	6033
1670	6201
1670.2	6059
1670.4	6048
1670.6	6145
1670.8	6060
1671	6172
1671.2	6073
1671.4	6174
1671.6	6105
1671.8	6115
1672	6009
1672.2	6243
1672.4	6038
1672.6	6061
1672.8	6195
1673	6114
1673.2	6109
1673.4	6105
1673.6	6214
1673.8	6123
1674	5999
1674.2	6095
1674.4	6179
1674.6	6096
1674.8	5928
1675	6058
1675.2	6098
1675.4	6085
1675.6	6210
1675.8	5973
1676	6097
1676.2	6046
1676.4	5988
1676.6	6111
1676.8	5895
1677	6072
1677.2	6071
1677.4	5935
1677.6	5979
1677.8	6059
1678	6090
1678.2	6130
1678.4	6151
1678.6	6061
1678.8	6115
1679	5933
1679.2	6078
1679.4	6083
1679.6	6090
1679.8	6063
1680	6070
1680.2	6022
1680.4	6049
1680.6	6030
1680.8	6035
1681	6026
1681.2	5950
1681.4	6036
1681.6	6098
1681.8	5958
1682	5973
1682.2	6118
1682.4	6057
1682.6	5987
1682.8	6149
1683	6107
1683.2	6045
1683.4	5957
1683.6	5936
1683.8	5969
1684	5973
1684.2	5889
1684.4	5854
1684.6	5926
1684.8	6203
1685	6088
1685.2	5955
1685.4	5994
1685.6	6048
1685.8	5960
1686	6065
1686.2	6013
1686.4	6104
1686.6	6064
1686.8	5978
1687	5953
1687.2	5970
1687.4	6112
1687.6	6131
1687.8	6021
1688	5979
1688.2	5978
1688.4	5908
1688.6	6023
1688.8	6063
1689	6026
1689.2	6089
1689.4	6117
1689.6	6102
1689.8	6045
1690	5954
1690.2	5901
1690.4	5945
1690.6	6184
1690.8	5987
1691	5947
1691.2	5984
1691.4	5932
1691.6	6103
1691.8	5957
1692	5973
1692.2	5959
1692.4	6014
1692.6	6086
1692.8	5976
1693	6202
1693.2	5967
1693.4	5985
1693.6	5939
1693.8	5905
1694	5996
1694.2	6009
1694.4	6082
1694.6	6057
1694.8	5982
1695	6020
1695.2	5951
1695.4	5938
1695.6	6062
1695.8	6077
1696	6009
1696.2	5965
1696.4	6086
1696.6	6068
1696.8	6175
1697	6006
1697.2	5879
1697.4	5962
1697.6	5918
1697.8	6062
1698	6023
1698.2	5825
1698.4	5969
1698.6	5825
1698.8	6049
1699	5948
1699.2	5922
1699.4	6059
1699.6	6020
1699.8	5961
1700	6031
