3000.76	268.406
2999.94	317.207
2999.12	289.716
2998.3	274.43
2997.48	286.587
2996.66	277.402
2995.84	292.603
2995.02	298.658
2994.2	274.239
2993.38	274.201
2992.56	316.811
2991.74	316.767
2990.92	322.814
2990.1	313.634
2989.28	334.902
2988.45	316.591
2987.63	310.459
2986.81	349.979
2985.99	365.145
2985.17	316.415
2984.35	334.623
2983.52	337.618
2982.7	346.695
2981.88	349.688
2981.06	343.558
2980.23	376.95
2979.41	361.7
2978.59	379.884
2977.77	398.063
2976.94	477.002
2976.12	407.066
2975.3	397.897
2974.48	379.62
2973.65	394.75
2972.83	337.009
2972	367.319
2971.18	449.22
2970.36	418.81
2969.53	382.338
2968.71	376.217
2967.89	448.971
2967.06	403.411
2966.24	418.519
2965.41	391.17
2964.59	391.115
2963.76	460.785
2962.94	427.379
2962.11	421.258
2961.29	421.2
2960.46	451.439
2959.64	451.377
2958.81	448.285
2957.99	457.308
2957.16	414.851
2956.34	502.596
2955.51	432.899
2954.68	472.188
2953.86	460.017
2953.03	514.421
2952.21	435.684
2951.38	453.775
2950.55	456.736
2949.73	486.916
2948.9	468.705
2948.07	483.757
2947.25	486.713
2946.42	477.577
2945.59	435.2
2944.76	441.183
2943.94	429.036
2943.11	492.417
2942.28	477.245
2941.45	477.179
2940.63	504.29
2939.8	483.085
2938.97	464.905
2938.14	488.987
2937.31	464.775
2936.48	455.658
2935.66	464.646
2934.83	473.632
2934	470.549
2933.17	467.468
2932.34	452.325
2931.51	464.323
2930.68	443.156
2929.85	452.137
2929.02	458.102
2928.19	473.105
2927.36	409.766
2926.53	515.149
2925.7	548.211
2924.87	499.947
2924.04	475.787
2923.21	442.601
2922.38	433.508
2921.55	415.387
2920.72	445.426
2919.89	451.382
2919.06	448.311
2918.23	436.215
2917.4	424.122
2916.57	439.101
2915.73	420.997
2914.9	441.986
2914.07	381.798
2913.24	447.874
2912.41	447.812
2911.58	399.669
2910.74	384.59
2909.91	426.596
2909.08	348.438
2908.25	372.416
2907.42	399.391
2906.58	357.3
2905.75	390.274
2904.92	348.196
2904.08	384.162
2903.25	339.096
2902.42	348.05
2901.58	351.002
2900.75	362.951
2899.92	353.903
2899.08	374.845
2898.25	371.795
2897.42	338.766
2896.58	359.701
2895.75	362.648
2894.91	320.644
2894.08	335.581
2893.24	323.551
2892.41	329.497
2891.58	296.506
2890.74	299.459
2889.91	314.388
2889.07	359.251
2888.24	314.301
2887.4	368.129
2886.56	314.213
2885.73	308.185
2884.89	320.109
2884.06	364.933
2883.22	308.056
2882.39	311.004
2881.55	278.071
2880.71	325.865
2879.88	301.906
2879.04	304.853
2878.2	286.881
2877.37	328.672
2876.53	298.751
2875.69	304.683
2874.86	310.614
2874.02	295.64
2873.18	292.613
2872.34	301.528
2871.51	286.561
2870.67	286.521
2869.83	271.56
2868.99	277.49
2868.16	322.202
2867.32	235.652
2866.48	274.391
2865.64	283.3
2864.8	265.37
2863.96	298.127
2863.13	286.162
2862.29	256.318
2861.45	253.302
2860.61	265.185
2859.77	286.002
2858.93	271.069
2858.09	312.728
2857.25	238.236
2856.41	300.731
2855.57	244.124
2854.73	238.136
2853.89	244.056
2853.05	244.021
2852.21	246.963
2851.37	246.928
2850.53	243.919
2849.69	264.705
2848.85	258.72
2848.01	255.711
2847.17	279.459
2846.33	252.667
2845.49	270.465
2844.64	249.625
2843.8	279.303
2842.96	285.206
2842.12	267.343
2841.28	258.396
2840.44	234.603
2839.59	222.693
2838.75	225.631
2837.91	216.694
2837.07	281.96
2836.23	258.18
2835.38	249.242
2834.54	222.507
2833.7	243.24
2832.85	272.865
2832.01	258
2831.17	234.243
2830.33	228.281
2829.48	231.213
2828.64	231.181
2827.79	228.185
2826.95	251.858
2826.11	237.01
2825.26	228.09
2824.42	245.829
2823.57	254.679
2822.73	281.292
2821.89	230.923
2821.04	222.011
2820.2	242.698
2819.35	284.094
2818.51	245.589
2817.66	260.347
2816.82	245.52
2815.97	227.74
2815.13	212.922
2814.28	209.936
2813.44	239.47
2812.59	224.657
2811.74	209.848
2810.9	251.191
2810.05	265.93
2809.21	224.532
2808.36	251.086
2807.51	256.958
2806.67	218.531
2805.82	280.508
2804.97	245.041
2804.13	256.814
2803.28	247.924
2802.43	268.547
2801.58	286.213
2800.74	241.92
2799.89	262.535
2799.04	259.549
2798.19	274.258
2797.35	232.939
2796.5	238.803
2795.65	271.195
2794.8	262.315
2793.95	241.65
2793.11	253.402
2792.26	265.151
2791.41	259.223
2790.56	268.022
2789.71	259.15
2788.86	291.503
2788.01	276.742
2787.16	241.38
2786.31	238.403
2785.46	258.969
2784.61	276.588
2783.76	282.433
2782.91	264.744
2782.06	273.531
2781.21	261.729
2780.36	249.931
2779.51	279.296
2778.66	302.773
2777.81	241.009
2776.96	273.302
2776.11	255.634
2775.26	299.666
2774.41	276.125
2773.56	284.897
2772.71	281.921
2771.86	258.391
2771	246.612
2770.15	275.932
2769.3	272.958
2768.45	302.266
2767.6	299.29
2766.74	275.778
2765.89	275.739
2765.04	278.633
2764.19	334.313
2763.33	302.013
2762.48	310.766
2761.63	304.86
2760.78	381.021
2759.92	301.844
2759.07	284.221
2758.22	342.776
2757.36	331.01
2756.51	322.178
2755.66	327.989
2754.8	339.656
2753.95	313.259
2753.09	377.615
2752.24	377.562
2751.39	336.54
2750.53	362.827
2749.68	368.627
2748.82	327.623
2747.97	333.427
2747.11	365.548
2746.26	391.813
2745.4	382.987
2744.55	347.856
2743.69	350.73
2742.84	318.535
2741.98	388.617
2741.12	368.112
2740.27	376.824
2739.41	411.82
2738.56	376.719
2737.7	379.586
2736.84	411.647
2735.99	370.722
2735.13	449.474
2734.27	423.147
2733.42	420.17
2732.56	396.772
2731.7	440.472
2730.85	443.327
2729.99	414.103
2729.13	408.213
2728.27	460.633
2727.42	518.869
2726.56	472.163
2725.7	437.127
2724.84	483.686
2723.99	498.185
2723.13	486.463
2722.27	489.308
2721.41	506.712
2720.55	541.582
2719.69	465.812
2718.83	550.163
2717.97	509.339
2717.12	509.268
2716.26	488.829
2715.4	488.76
2714.54	488.692
2713.68	587.512
2712.82	599.062
2711.96	555.363
2711.1	572.729
2710.24	549.394
2709.38	549.317
2708.52	552.146
2707.66	572.408
2706.8	589.759
2705.94	610.01
2705.08	586.69
2704.22	566.28
2703.35	609.754
2702.49	574.831
2701.63	627
2700.77	563.06
2699.91	583.295
2699.05	580.312
2698.19	612.143
2697.32	623.661
2696.46	617.772
2695.6	643.785
2694.74	640.796
2693.88	617.513
2693.01	588.439
2692.15	637.628
2691.29	628.845
2690.42	622.962
2689.56	654.743
2688.7	579.337
2687.84	611.115
2686.97	622.613
2686.11	637.003
2685.25	610.859
2684.38	593.405
2683.52	599.11
2682.65	622.177
2681.79	593.156
2680.93	610.431
2680.06	564.063
2679.2	578.445
2678.33	630.417
2677.47	610.089
2676.6	586.875
2675.74	552.106
2674.87	554.919
2674.01	520.163
2673.14	557.652
2672.28	586.464
2671.41	563.273
2670.55	502.543
2669.68	554.452
2668.81	554.374
2667.95	502.331
2667.08	539.786
2666.22	496.418
2665.35	536.749
2664.48	533.789
2663.62	542.369
2662.75	499.025
2661.88	513.375
2661.02	496.001
2660.15	518.998
2659.28	487.213
2658.42	461.202
2657.55	415.024
2656.68	435.138
2655.81	429.314
2654.95	475.348
2654.08	434.955
2653.21	429.133
2652.34	411.795
2651.47	414.617
2650.6	408.801
2649.74	402.987
2648.87	434.589
2648	425.895
2647.13	388.431
2646.26	394.13
2645.39	368.187
2644.52	333.622
2643.65	356.581
2642.78	368.032
2641.91	408.228
2641.04	330.561
2640.17	347.759
2639.3	385.067
2638.43	324.675
2637.56	359.104
2636.69	347.563
2635.82	336.027
2634.95	341.723
2634.08	330.19
2633.21	335.885
2632.34	315.745
2631.47	281.261
2630.6	298.439
2629.73	318.482
2628.85	306.962
2627.98	309.787
2627.11	301.14
2626.24	292.494
2625.37	295.321
2624.5	272.345
2623.62	266.574
2622.75	246.475
2621.88	260.768
2621.01	255.001
2620.13	252.1
2619.26	240.608
2618.39	252.03
2617.51	217.631
2616.64	246.233
2615.77	254.786
2614.9	257.613
2614.02	206.061
2613.15	257.541
2612.27	243.199
2611.4	205.975
2610.53	220.247
2609.65	240.236
2608.78	211.607
2607.9	248.746
2607.03	217.265
2606.15	220.093
2605.28	197.198
2604.4	237.176
2603.53	228.572
2602.65	225.683
2601.78	211.369
2600.9	231.331
2600.03	208.454
2599.15	205.57
2598.28	185.558
2597.4	208.367
2596.53	208.337
2595.65	191.187
2594.77	182.601
2593.9	196.839
2593.02	196.811
2592.14	173.968
2591.27	153.983
2590.39	196.728
2589.51	193.85
2588.64	171.02
2587.76	193.795
2586.88	196.618
2586	179.495
2585.13	176.621
2584.25	207.928
2583.37	170.876
2582.49	187.937
2581.61	153.745
2580.74	162.264
2579.86	202.089
2578.98	176.448
2578.1	190.65
2577.22	159.327
2576.34	184.907
2575.46	173.504
2574.59	167.792
2573.71	164.925
2572.83	159.215
2571.95	181.935
2571.07	167.698
2570.19	164.832
2569.31	156.284
2568.43	173.309
2567.55	156.24
2566.67	164.739
2565.79	153.356
2564.91	150.495
2564.03	156.153
2563.15	133.421
2562.27	130.564
2561.38	173.114
2560.5	150.39
2559.62	178.74
2558.74	116.306
2557.86	150.326
2556.98	150.305
2556.1	150.284
2555.21	150.263
2554.33	167.25
2553.45	164.392
2552.57	150.199
2551.69	155.845
2550.8	144.491
2549.92	147.303
2549.04	152.947
2548.16	118.942
2547.27	121.757
2546.39	158.545
2545.51	141.538
2544.62	150.009
2543.74	158.478
2542.86	181.092
2541.97	138.629
2541.09	144.267
2540.21	98.9931
2539.32	121.603
2538.44	101.793
2537.55	130.05
2536.67	149.82
2535.78	149.798
2534.9	118.692
2534.01	121.5
2533.13	146.91
2532.24	87.5687
2531.36	146.869
2530.47	118.608
2529.59	149.651
2528.7	143.983
2527.82	115.735
2526.93	135.476
2526.05	101.592
2525.16	146.724
2524.27	104.385
2523.39	115.654
2522.5	98.7149
2521.61	129.721
2520.73	109.966
2519.84	149.419
2518.95	118.391
2518.07	104.282
2517.18	126.812
2516.29	118.341
2515.41	123.959
2514.52	98.5899
2513.63	118.291
2512.74	126.723
2511.85	123.889
2510.97	154.84
2510.08	135.114
2509.19	143.538
2508.3	87.2364
2507.41	109.734
2506.52	118.158
2505.64	112.516
2504.75	115.312
2503.86	104.048
2502.97	123.715
2502.08	120.886
2501.19	104.004
2500.3	92.7469
2499.41	98.3541
2498.52	112.389
2497.63	123.61
2496.74	106.739
2495.85	129.193
2494.96	129.174
2494.07	109.502
2493.18	106.679
2492.29	123.506
2491.4	98.2294
2490.51	98.2156
2489.62	103.813
2488.73	100.993
2487.83	84.1492
2486.94	120.597
2486.05	100.951
2485.16	128.974
2484.27	106.529
2483.38	112.12
2482.48	109.302
2481.59	109.286
2480.7	112.073
2479.81	112.057
2478.91	100.837
2478.02	109.225
2477.13	100.808
2476.24	111.994
2475.34	100.78
2474.45	111.962
2473.56	123.141
2472.66	117.527
2471.77	97.9253
2470.88	109.101
2469.98	120.274
2469.09	111.867
2468.19	123.037
2467.3	86.6727
2466.41	95.047
2465.51	95.0336
2464.62	103.404
2463.72	100.595
2462.83	103.375
2461.93	89.3929
2461.04	86.5872
2460.14	128.466
2459.25	108.902
2458.35	97.7184
2457.46	111.662
2456.56	78.1526
2455.66	94.8862
2454.77	97.6632
2453.87	92.0695
2452.98	97.6357
2452.08	72.5191
2451.18	66.9313
2450.29	103.171
2449.39	111.521
2448.49	91.9916
2447.6	100.34
2446.7	100.326
2445.8	83.5933
2444.91	86.3676
2444.01	103.069
2443.11	105.84
2442.21	94.6856
2441.31	111.379
2440.42	77.9544
2439.52	100.213
2438.62	83.499
2437.72	86.2701
2436.82	75.1279
2435.93	86.2458
2435.03	86.2336
2434.13	94.5654
2433.23	75.0855
2432.33	100.1
2431.43	75.0643
2430.53	83.393
2429.63	91.7193
2428.73	63.9166
2427.83	80.5791
2426.93	91.6805
2426.03	94.4453
2425.13	91.6546
2424.23	72.2025
2423.33	55.5325
2422.43	77.7346
2421.53	97.1545
2420.63	88.8144
2419.73	74.9266
2418.83	86.0147
2417.93	80.454
2417.03	97.0859
2416.12	94.2987
2415.22	77.6468
2414.32	60.9996
2413.42	88.7141
2412.52	80.3858
2411.61	69.2883
2410.71	99.7611
2409.81	77.581
2408.91	83.1108
2408.01	80.3291
2407.1	72.009
2406.2	71.9988
2405.3	63.6823
2404.39	83.0521
2403.49	63.6643
2402.59	71.9581
2401.68	69.1807
2400.78	80.2383
2399.88	58.0954
2398.97	71.9175
2398.07	80.2043
2397.17	74.6624
2396.26	58.0626
2395.36	74.6413
2394.45	63.5744
2393.55	52.5105
2392.64	63.5564
2391.74	80.125
2390.83	58.0133
2389.93	82.8645
2389.02	60.7587
2388.12	88.3638
2387.21	49.6976
2386.31	85.5782
2385.4	71.7651
2384.49	57.956
2383.59	57.9478
2382.68	66.2167
2381.78	74.4832
2380.87	46.8902
2379.96	46.8836
2379.06	46.8769
2378.15	46.8703
2377.24	57.8904
2376.34	57.8822
2375.43	71.6536
2374.52	66.1324
2373.61	38.5718
2372.71	52.34
2371.8	52.3326
2370.89	60.5871
2369.98	57.825
2369.08	55.0636
2368.17	55.0558
2367.26	66.0576
2366.35	71.5523
2365.44	60.5357
2364.53	38.5173
2363.62	55.0169
2362.72	68.7614
2361.81	71.5017
2360.9	74.2413
2359.99	49.4872
2359.08	27.489
2358.17	54.9702
2357.26	43.9699
2356.35	65.9456
2355.44	65.9362
2354.53	60.433
2353.62	63.171
2352.71	43.9388
2351.8	46.6784
2350.89	52.1626
2349.98	57.6452
2349.07	43.914
2348.16	63.1174
2347.24	52.1331
2346.33	63.0995
2345.42	63.0906
2344.51	63.0817
2343.6	52.1036
2342.69	68.5476
2341.77	57.5718
2340.86	38.3758
2339.95	79.4814
2339.04	54.807
2338.13	49.3193
2337.21	49.3124
2336.3	57.5229
2335.39	62.9924
2334.47	54.7682
2333.56	32.8563
2332.65	35.5893
2331.73	68.4312
2330.82	73.8952
2329.91	79.3577
2328.99	73.8743
2328.08	71.1282
2327.17	84.7946
2326.25	57.4334
2325.34	43.7526
2324.42	51.9488
2323.51	41.0064
2322.59	35.5339
2321.68	54.6597
2320.76	54.652
2319.85	46.4476
2318.93	40.9774
2318.02	57.3602
2317.1	30.0416
2316.19	38.2293
2315.27	54.6055
2314.36	35.4886
2313.44	62.7786
2312.53	60.0406
2311.61	27.2873
2310.69	38.1968
2309.78	32.7355
2308.86	40.9136
2307.94	46.3621
2307.03	35.4484
2306.11	46.349
2305.19	38.1643
2304.27	62.6897
2303.36	43.604
2302.44	46.3227
2301.52	73.5609
2300.6	32.6891
2299.69	54.4741
2298.77	35.4032
2297.85	49.0128
2296.93	43.5608
2296.01	46.2768
2295.1	48.992
2294.18	29.9353
2293.26	54.4201
2292.34	78.8979
2291.42	48.9642
2290.5	48.9572
2289.58	48.9503
2288.66	65.2578
2287.74	32.6243
2286.82	43.4929
2285.9	29.8971
2284.98	48.9156
2284.06	40.7572
2283.14	48.9017
2282.22	48.8948
2281.3	57.0358
2280.38	38.0185
2279.46	46.1588
2278.54	51.5819
2277.62	43.4312
2276.7	54.2813
2275.78	32.5642
2274.86	56.9792
2273.93	40.6937
2273.01	48.8255
2272.09	40.6821
2271.17	37.9646
2270.25	56.9388
2269.32	43.3758
2268.4	43.3696
2267.48	37.943
2266.56	65.036
2265.63	54.189
2264.71	27.0906
2263.79	40.6302
2262.87	43.3327
2261.94	24.3712
2261.02	35.1978
2260.1	54.1428
2259.17	48.7216
2258.25	56.8338
2257.32	56.8258
2256.4	37.8785
2255.48	43.2835
2254.55	43.2774
2253.63	35.1579
2252.7	59.4895
2251.78	35.1479
2250.85	56.7693
2249.93	29.7321
2249	48.6456
2248.08	29.7236
2247.15	59.4388
2246.23	24.3124
2245.3	45.917
2244.38	43.2098
2243.45	51.3044
2242.52	43.1976
2241.6	48.5903
2240.67	32.389
2239.75	26.987
2238.82	32.3798
2237.89	51.2607
2236.97	40.4632
2236.04	29.6688
2235.11	43.1485
2234.18	62.0171
2233.26	29.6562
2232.33	18.8694
2231.4	48.5145
2230.47	48.5076
2229.55	29.6393
2228.62	35.0233
2227.69	48.4869
2226.76	40.4
2225.83	40.3943
2224.91	40.3885
2223.98	26.9219
2223.05	32.3016
2222.12	51.137
2221.19	37.6745
2220.26	32.2879
2219.33	29.593
2218.4	32.2787
2217.47	29.5846
2216.54	48.4043
2215.61	59.1524
2214.68	43.0138
2213.75	26.8798
2212.82	43.0016
2211.89	40.3082
2210.96	42.9893
2210.03	26.8645
2209.1	29.5468
2208.17	32.2282
2207.24	32.2237
2206.31	32.2191
2205.38	48.3217
2204.45	45.6307
2203.51	48.308
2202.58	42.9343
2201.65	56.3433
2200.72	40.2395
2199.79	48.2805
2198.85	37.5462
2197.92	32.1779
2196.99	37.5355
2196.06	61.6567
2195.12	61.6479
2194.19	53.5993
2193.26	53.5916
2192.33	29.4712
2191.39	40.1823
2190.46	64.2825
2189.53	32.1367
2188.59	45.5205
2187.66	42.8367
2186.72	40.1537
2185.79	42.8245
2184.86	37.4661
2183.92	29.4335
2182.99	40.1309
2182.05	40.1251
2181.12	32.0955
2180.18	50.8107
2179.25	32.0864
2178.31	29.4084
2177.38	29.4042
2176.44	29.4
2175.51	24.0511
2174.57	21.3757
2173.64	50.7601
2172.7	50.7529
2171.76	32.0499
2170.83	40.0567
2169.89	48.0611
2168.95	34.7059
2168.02	34.7009
2167.08	48.0406
2166.14	24.0169
2165.21	37.3543
2164.27	53.3557
2163.33	56.0155
2162.4	26.6702
2161.46	29.3331
2160.52	26.6626
2159.58	42.6541
2158.64	29.3205
2157.71	31.9815
2156.77	34.6417
2155.83	29.308
2154.89	39.9598
2153.95	37.2905
2153.01	23.969
2152.08	47.9313
2151.14	39.937
2150.2	31.9451
2149.26	31.9405
2148.32	50.5653
2147.38	58.5409
2146.44	26.6057
2145.5	34.5825
2144.56	37.2374
2143.62	21.2755
2142.68	50.5221
2141.74	53.1735
2140.8	34.5579
2139.86	21.2634
2138.92	37.2056
2137.98	58.4576
2137.04	37.195
2136.09	18.5948
2135.15	34.5283
2134.21	42.4904
2133.27	26.5527
2132.33	26.5489
2131.39	29.1996
2130.45	47.7744
2129.5	39.8063
2128.56	26.5338
2127.62	18.571
2126.68	42.4419
2125.73	34.4791
2124.79	42.4298
2123.85	45.0752
2122.9	37.1155
2121.96	37.1102
2121.02	55.6574
2120.08	29.1497
2119.13	21.1968
2118.19	26.4922
2117.24	37.0838
2116.3	31.7815
2115.36	34.4251
2114.41	39.7156
2113.47	18.5313
2112.52	21.1756
2111.58	34.4055
2110.63	55.5701
2109.69	60.8538
2108.74	23.809
2107.8	18.5154
2106.85	39.6703
2105.91	42.3089
2104.96	18.5075
2104.02	26.4355
2103.07	50.2204
2102.12	21.1424
2101.18	23.7818
2100.23	39.6307
2099.29	31.7
2098.34	50.1845
2097.39	23.7682
2096.45	21.1243
2095.5	15.841
2094.55	26.3978
2093.6	34.3123
2092.66	42.2245
2091.71	36.9411
2090.76	31.6593
2089.81	23.7411
2088.87	29.0128
2087.92	29.0086
2086.97	36.9148
2086.02	29.0003
2085.07	34.2682
2084.13	18.4495
2083.18	21.0821
2082.23	23.714
2081.28	23.7106
2080.33	44.7803
2079.38	21.0701
2078.43	15.8003
2077.48	36.8621
2076.53	39.4895
2075.58	28.9548
2074.63	28.9507
2073.68	28.9465
2072.73	36.8358
2071.78	21.046
2070.83	39.4556
2069.88	21.04
2068.93	39.4444
2067.98	42.068
2067.03	10.5155
2066.08	31.542
2065.13	31.5375
2064.18	52.5549
2063.22	28.9011
2062.27	39.4049
2061.32	49.9058
2060.37	23.6362
2059.42	31.5104
2058.46	28.8804
2057.51	36.7517
2056.56	36.7464
2055.61	47.2386
2054.65	31.4879
2053.7	26.2362
2052.75	23.6092
2051.79	36.7202
2050.84	26.2249
2049.89	34.0875
2048.93	34.0827
2047.98	55.0488
2047.03	34.0729
2046.07	36.6887
2045.12	26.2024
2044.16	31.4384
2043.21	28.8145
2042.26	31.4295
2041.3	47.1374
2040.35	36.6572
2039.39	31.416
2038.44	26.1762
2037.48	28.7897
2036.53	36.6362
2035.57	20.932
2034.61	28.7774
2033.66	20.926
2032.7	41.846
2031.75	36.6101
2030.79	44.4487
2029.83	26.1426
2028.88	26.1388
2027.92	26.1351
2026.96	31.3576
2026.01	47.0297
2025.05	26.1239
2024.09	33.9562
2023.14	57.4561
2022.18	15.6676
2021.22	39.1634
2020.26	41.7683
2019.31	31.3217
2018.35	15.6586
2017.39	33.9222
2016.43	41.7444
2015.47	31.3038
2014.52	44.3407
2013.56	33.9027
2012.6	36.5054
2011.64	31.2859
2010.68	41.7085
2009.72	23.4577
2008.76	28.6664
2007.8	20.8453
2006.84	46.8952
2005.88	70.3328
2004.92	41.6727
2003.96	26.0417
2003	10.4152
2002.04	36.448
2001.08	15.6183
2000.12	28.6295
1999.16	33.83
1998.2	31.2232
1997.24	39.0235
1996.28	18.2083
1995.32	15.6049
1994.36	46.808
1993.39	26.0007
1992.43	41.5952
1991.47	62.3839
1990.51	20.7916
1989.55	18.1901
1988.58	25.9821
1987.62	31.1741
1986.66	18.1823
1985.7	46.7477
1984.73	10.3869
1983.77	31.1562
1982.81	18.1719
1981.84	12.978
1980.88	41.5238
1979.92	28.5435
1978.95	25.9449
1977.99	38.9118
1977.03	25.9375
1976.06	41.494
1975.1	41.4881
1974.13	36.2969
1973.17	33.6994
1972.21	31.1027
1971.24	23.3237
1970.28	36.2761
1969.31	36.2709
1968.35	33.6752
1967.38	36.2605
1966.42	20.7173
1965.45	38.8393
1964.48	36.2449
1963.52	28.474
1962.55	36.2345
1961.59	31.0537
1960.62	10.3497
1959.65	41.393
1958.69	23.2802
1957.72	36.2085
1956.75	15.5157
1955.79	33.6125
1954.82	20.6817
1953.85	41.3574
1952.89	31.0136
1951.92	28.4251
1950.95	28.421
1949.98	31.0003
1949.01	30.9958
1948.05	30.9914
1947.08	33.5692
1946.11	15.4912
1945.14	25.815
1944.17	23.2302
1943.2	20.6461
1942.24	36.1255
1941.27	30.9603
1940.3	28.3762
1939.33	18.055
1938.36	43.8415
1937.39	25.7854
1936.42	38.6726
1935.45	30.9336
1934.48	25.7743
1933.51	41.233
1932.54	33.497
1931.57	20.6106
1930.6	20.6076
1929.63	18.0291
1928.66	41.2034
1927.69	20.5987
1926.72	23.1703
1925.74	28.3151
1924.77	28.3111
1923.8	30.8804
1922.83	20.584
1921.86	28.2989
1920.89	12.8613
1919.91	23.147
1918.94	25.7152
1917.97	20.5692
1917	30.8493
1916.02	33.4153
1915.05	28.2704
1914.08	28.2664
1913.11	23.1237
1912.13	43.6719
1911.16	17.9799
1910.19	23.1138
1909.21	28.2461
1908.24	25.6746
1907.26	28.238
1906.29	25.6672
1905.32	28.2299
1904.34	30.7918
1903.37	17.9593
1902.39	28.2177
1901.42	0
1900.44	30.7741
1899.47	23.0772
1898.49	28.2015
1897.52	15.3804
1896.54	46.1346
1895.57	28.1893
1894.59	28.1853
1893.62	28.1812
1892.64	33.3003
1891.66	25.6119
1890.69	30.7299
1889.71	25.6046
1888.73	20.4807
1887.76	15.3583
1886.78	28.1529
1885.8	15.3539
1884.83	15.3517
1883.85	20.466
1882.87	7.67364
1881.89	25.5751
1880.92	17.9
1879.94	25.5678
1878.96	23.0077
1877.98	33.2285
1877.01	17.8897
1876.03	10.2212
1875.05	2.55494
1874.07	20.4366
1873.09	30.6505
1872.11	33.1999
1871.13	22.9812
1870.15	25.531
1869.17	25.5274
1868.19	30.6284
1867.22	33.176
1866.24	15.3098
1865.26	25.5127
1864.28	45.9162
1863.3	15.3032
1862.32	20.4013
1861.33	22.9482
1860.35	40.7909
1859.37	22.9416
1858.39	30.5844
1857.41	40.7733
1856.43	17.8358
1855.45	33.1188
1854.47	28.0195
1853.49	35.6561
1852.5	10.186
1851.52	40.7381
1850.54	17.8204
1849.56	40.7264
1848.58	17.8152
1847.59	20.3573
1846.61	33.0759
1845.63	38.159
1844.65	7.6307
1843.66	38.148
1842.68	35.5997
1841.7	33.0521
1840.71	35.5894
1839.73	40.6678
1838.74	30.4964
1837.76	35.5741
1836.78	45.7315
1835.79	33.0235
1834.81	27.939
1833.82	30.4745
1832.84	22.8526
1831.85	30.4657
1830.87	25.3844
1829.88	30.4569
1828.9	17.764
1827.91	45.6722
1826.93	32.9808
1825.94	2.53662
1824.96	20.29
1823.97	22.823
1822.99	20.2842
1822	32.957
1821.01	30.4175
1820.03	20.2754
1819.04	40.5449
1818.05	30.4043
1817.07	20.2666
1816.08	32.9285
1815.09	25.326
1814.11	20.2579
1813.12	32.9143
1812.13	32.9095
1811.14	27.8425
1810.16	30.3693
1809.17	27.8345
1808.18	22.7704
1807.19	35.4155
1806.2	5.05863
1805.21	37.9342
1804.23	27.8144
1803.24	30.3386
1802.25	35.39
1801.26	25.2749
1800.27	35.3798
1799.28	42.955
1798.29	27.7904
1797.3	40.4165
1796.31	42.9364
1795.32	25.2531
1794.33	40.3991
1793.34	50.4915
1792.35	40.3874
1791.36	25.2385
1790.37	30.2818
1789.38	25.2312
1788.39	40.3641
1787.4	35.3135
1786.4	35.3084
1785.41	45.39
1784.42	40.3408
1783.43	35.2931
1782.44	40.3292
1781.45	35.2829
1780.45	22.6786
1779.46	32.7533
1778.47	32.7485
1777.48	42.8188
1776.48	40.2943
1775.49	20.1442
1774.5	22.659
1773.5	25.173
1772.51	40.271
1771.52	47.8149
1770.52	32.7108
1769.53	50.317
1768.54	30.1858
1767.54	42.7571
1766.55	35.2066
1765.55	42.7447
1764.56	27.6544
1763.57	40.2187
1762.57	42.7262
1761.58	37.6942
1760.58	17.5881
1759.59	30.1466
1758.59	40.1897
1757.6	37.6724
1756.6	42.6892
1755.6	42.683
1754.61	37.6561
1753.61	42.6707
1752.62	35.1355
1751.62	37.6398
1750.62	37.6343
1749.63	35.1203
1748.63	20.0658
1747.63	32.6023
1746.64	42.6276
1745.64	35.1
1744.64	42.6153
1743.64	55.1412
1742.65	35.0848
1741.65	35.0797
1740.65	35.0747
1739.65	27.5547
1738.65	50.0922
1737.66	30.051
1736.66	30.0466
1735.66	37.5528
1734.66	35.0442
1733.66	20.0224
1732.66	47.5463
1731.66	52.5436
1730.66	42.5291
1729.66	37.5203
1728.67	50.0198
1727.67	35.0088
1726.67	47.5051
1725.67	32.4988
1724.67	34.9936
1723.67	32.4894
1722.66	44.9788
1721.66	49.9692
1720.66	47.4639
1719.66	37.4661
1718.66	47.4502
1717.66	44.9463
1716.66	42.4431
1715.66	42.437
1714.66	37.439
1713.65	44.9203
1712.65	32.4377
1711.65	42.4124
1710.65	47.3953
1709.65	42.4002
1708.64	37.4065
1707.64	52.3615
1706.64	37.3957
1705.63	34.8976
1704.63	44.8618
1703.63	37.3794
1702.62	44.8488
1701.62	57.2986
1700.62	47.3267
1699.61	37.3578
1698.61	27.3918
1697.61	37.347
1696.6	44.8099
1695.6	62.227
1694.59	49.7744
1693.59	57.2323
1692.58	39.808
1691.58	59.7033
1690.57	62.182
1689.57	49.7384
1688.56	54.7043
1687.56	54.6964
1686.55	59.6601
1685.55	74.5644
1684.54	57.1577
1683.53	64.6037
1682.53	69.5632
1681.52	81.9733
1680.51	69.543
1679.51	81.9496
1678.5	54.6251
1677.49	49.652
1676.49	59.5738
1675.48	81.9021
1674.47	64.5196
1673.46	79.3972
1672.46	76.9049
1671.45	76.8938
1670.44	79.3627
1669.43	84.3107
1668.42	79.3397
1667.42	94.2023
1666.41	94.1886
1665.4	89.2184
1664.39	96.6393
1663.38	91.6701
1662.37	104.043
1661.36	86.6898
1660.35	123.825
1659.34	121.331
1658.33	116.361
1657.32	99.0167
1656.31	123.753
1655.3	128.684
1654.29	141.037
1653.28	143.491
1652.27	145.944
1651.26	155.816
1650.25	173.103
1649.24	178.023
1648.23	205.192
1647.22	202.69
1646.2	177.946
1645.19	202.631
1644.18	200.131
1643.17	219.865
1642.16	239.594
1641.14	269.195
1640.13	271.626
1639.12	278.993
1638.11	301.17
1637.09	328.277
1636.08	310.954
1635.07	352.857
1634.05	365.142
1633.04	416.892
1632.03	453.828
1631.01	463.627
1630	490.683
1628.98	493.077
1627.97	515.191
1626.96	524.975
1625.94	569.256
1624.93	613.525
1623.91	630.681
1622.9	608.42
1621.88	672.367
1620.87	755.995
1619.85	669.71
1618.84	760.7
1617.82	711.36
1616.8	748.173
1615.79	716.075
1614.77	755.337
1613.76	787.208
1612.74	784.634
1611.72	774.683
1610.71	813.914
1609.69	813.795
1608.67	828.427
1607.66	788.98
1606.64	838.016
1605.62	860.009
1604.6	913.934
1603.59	921.171
1602.57	921.037
1601.55	947.916
1600.53	987.065
1599.51	972.191
1598.5	989.233
1597.48	1030.81
1596.46	1030.66
1595.44	1047.69
1594.42	1084.33
1593.4	1128.33
1592.38	1108.55
1591.36	1086.31
1590.34	1135.19
1589.32	1110.51
1588.3	1009.86
1587.28	1093.04
1586.26	1068.37
1585.24	965.316
1584.22	992.122
1583.2	965.035
1582.18	898.773
1581.16	898.642
1580.14	832.409
1579.12	778.434
1578.09	807.691
1577.07	773.313
1576.05	743.839
1575.03	765.749
1574.01	711.823
1572.99	655.466
1571.96	662.707
1570.94	655.276
1569.92	645.402
1568.9	593.977
1567.87	645.214
1566.85	581.586
1565.83	603.491
1564.8	569.202
1563.78	554.464
1562.76	537.288
1561.73	542.093
1560.71	478.535
1559.68	502.877
1558.66	488.159
1557.63	466.124
1556.61	480.697
1555.59	451.35
1554.56	422.012
1553.54	417.073
1552.51	421.889
1551.49	399.883
1550.46	375.445
1549.43	341.264
1548.41	321.717
1547.38	353.349
1546.36	311.877
1545.33	319.14
1544.3	297.171
1543.28	280.08
1542.25	306.825
1541.22	253.216
1540.2	277.523
1539.17	282.351
1538.14	284.743
1537.12	282.268
1536.09	272.495
1535.06	223.803
1534.03	250.525
1533	226.17
1531.98	231
1530.95	240.691
1529.92	213.917
1528.89	240.621
1527.86	218.715
1526.83	228.402
1525.8	267.24
1524.78	221.048
1523.75	206.443
1522.72	179.701
1521.69	186.959
1520.66	167.51
1519.63	179.623
1518.6	184.45
1517.57	186.85
1516.54	196.528
1515.51	184.37
1514.47	177.066
1513.44	186.741
1512.41	191.564
1511.38	186.687
1510.35	198.78
1509.32	179.361
1508.29	181.758
1507.26	184.155
1506.22	188.974
1505.19	169.567
1504.16	159.854
1503.13	142.879
1502.09	193.706
1501.06	164.626
1500.03	159.761
1499	162.158
1497.96	186.333
1496.93	191.145
1495.9	147.572
1494.86	147.55
1493.83	162.04
1492.8	164.434
1491.76	145.068
1490.73	161.969
1489.69	161.945
1488.66	142.588
1487.62	152.233
1486.59	166.707
1485.55	157.02
1484.52	125.597
1483.48	142.484
1482.45	161.78
1481.41	149.685
1480.38	161.733
1479.34	125.506
1478.31	135.14
1477.27	156.836
1476.23	142.338
1475.2	159.203
1474.16	139.885
1473.12	156.745
1472.09	144.666
1471.05	142.235
1470.01	130.162
1468.98	171.114
1467.94	132.534
1466.9	139.742
1465.86	142.131
1464.82	139.701
1463.79	142.089
1462.75	122.805
1461.71	134.825
1460.67	142.027
1459.63	163.668
1458.59	129.953
1457.56	141.965
1456.52	151.568
1455.48	122.68
1454.44	141.903
1453.4	132.263
1452.36	161.097
1451.32	165.881
1450.28	173.068
1449.24	144.203
1448.2	124.957
1447.16	151.368
1446.12	148.944
1445.08	165.736
1444.03	148.901
1442.99	148.879
1441.95	127.249
1440.91	151.236
1439.87	153.614
1438.83	177.59
1437.79	153.569
1436.74	163.143
1435.7	172.715
1434.66	151.103
1433.62	189.451
1432.57	170.241
1431.53	191.793
1430.49	172.589
1429.44	179.754
1428.4	172.538
1427.36	206.057
1426.31	172.488
1425.27	215.578
1424.23	191.597
1423.18	196.358
1422.14	179.57
1421.09	184.331
1420.05	205.846
1419.01	265.647
1417.96	191.429
1416.92	205.756
1415.87	227.256
1414.83	251.14
1413.78	222.406
1412.73	234.329
1411.69	248.64
1410.64	255.774
1409.6	262.907
1408.55	243.751
1407.5	277.167
1406.46	291.46
1405.41	257.976
1404.36	298.54
1403.32	300.884
1402.27	310.391
1401.22	310.345
1400.18	329.395
1399.13	331.734
1398.08	331.685
1397.03	398.441
1395.99	353.058
1394.94	341.08
1393.89	386.342
1392.84	395.823
1391.79	405.302
1390.74	390.94
1389.69	452.852
1388.65	462.318
1387.6	445.571
1386.55	490.771
1385.5	454.969
1384.45	540.643
1383.4	564.377
1382.35	576.2
1381.3	549.928
1380.25	599.834
1379.2	599.746
1378.15	590.14
1377.1	618.604
1376.04	658.955
1374.99	706.43
1373.94	718.217
1372.89	777.558
1371.84	777.444
1370.79	798.725
1369.74	872.289
1368.68	872.161
1367.63	898.171
1366.58	893.288
1365.53	971.546
1364.47	983.279
1363.42	971.261
1362.37	1011.48
1361.32	1023.21
1360.26	1056.29
1359.21	1105.97
1358.16	1091.57
1357.1	1129.37
1356.05	1093.62
1354.99	1155.13
1353.94	1171.57
1352.89	1214.08
1351.83	1206.79
1350.78	1171.05
1349.72	1206.43
1348.67	1158.86
1347.61	1085.23
1346.56	1087.44
1345.5	1125.19
1344.45	1077.65
1343.39	1065.65
1342.33	1098.65
1341.28	1093.75
1340.22	1003.64
1339.17	994.026
1338.11	1005.71
1337.05	974.807
1336	927.35
1334.94	901.195
1333.88	875.048
1332.82	867.826
1331.77	813.32
1330.71	791.925
1329.65	720.9
1328.59	701.889
1327.54	706.511
1326.48	656.794
1325.42	661.422
1324.36	680.22
1323.3	621.082
1322.24	559.6
1321.18	576.044
1320.13	521.668
1319.07	500.35
1318.01	549.832
1316.95	528.517
1315.89	474.18
1314.83	469.393
1313.77	476.399
1312.71	450.39
1311.65	440.893
1310.59	433.757
1309.53	372.41
1308.46	386.496
1307.4	355.807
1306.34	402.874
1305.28	379.259
1304.22	339.163
1303.16	324.983
1302.1	336.709
1301.03	341.368
1299.97	306.009
1298.91	310.671
1297.85	315.332
1296.79	305.874
1295.72	284.656
1294.66	296.375
1293.6	261.054
1292.53	253.962
1291.47	263.329
1290.41	253.887
1289.34	249.149
1288.28	220.911
1287.22	227.928
1286.15	227.894
1285.09	253.7
1284.02	251.314
1282.96	234.839
1281.89	232.456
1280.83	223.031
1279.76	190.136
1278.7	185.414
1277.63	201.813
1276.57	178.32
1275.5	161.872
1274.44	171.231
1273.37	204.04
1272.3	180.56
1271.24	215.703
1270.17	180.507
1269.11	187.512
1268.04	164.049
1266.97	166.368
1265.9	173.373
1264.84	163.977
1263.77	149.9
1262.7	170.954
1261.63	159.222
1260.57	133.446
1259.5	159.175
1258.43	166.173
1257.36	170.829
1256.29	154.425
1255.23	128.669
1254.16	163.736
1253.09	114.598
1252.02	133.289
1250.95	123.917
1249.88	142.6
1248.81	133.23
1247.74	114.514
1246.67	140.201
1245.6	126.162
1244.53	126.143
1243.46	126.125
1242.39	114.43
1241.32	109.743
1240.25	112.062
1239.18	128.385
1238.11	102.693
1237.03	114.346
1235.96	102.663
1234.89	97.9817
1233.82	95.6347
1232.75	88.624
1231.68	107.266
1230.6	109.582
1229.53	114.228
1228.46	104.888
1227.39	81.5673
1226.31	102.527
1225.24	111.831
1224.17	90.8491
1223.09	97.8231
1222.02	83.836
1220.95	88.4806
1219.87	93.1237
1218.8	100.093
1217.72	90.7689
1216.65	81.4473
1215.57	107.029
1214.5	109.34
1213.43	104.672
1212.35	86.0507
1211.28	74.4112
1210.2	102.3
1209.12	106.935
1208.05	81.3513
1206.97	72.0434
1205.9	92.9455
1204.82	74.3455
1203.75	85.9493
1202.67	83.614
1201.59	83.6017
1200.52	76.6236
1199.44	92.8634
1198.36	104.456
1197.28	92.836
1196.21	85.8607
1195.13	85.848
1194.05	71.9161
1192.97	78.8641
1191.9	83.4908
1190.82	71.8843
1189.74	74.1922
1188.66	64.9086
1187.58	85.7594
1186.5	83.4293
1185.43	81.0999
1184.35	90.3551
1183.27	85.7089
1182.19	76.4318
1181.11	64.8416
1180.03	57.8858
1178.95	64.8225
1177.87	99.5342
1176.79	83.3186
1175.71	83.3063
1174.63	71.7254
1173.55	74.0282
1172.47	94.8347
1171.38	74.0064
1170.3	62.4337
1169.22	78.6086
1168.14	76.2853
1167.06	92.4534
1165.98	62.3968
1164.9	53.145
1163.81	71.6197
1162.73	71.6091
1161.65	80.837
1160.57	78.5158
1159.48	78.5042
1158.4	62.3324
1157.32	66.9397
1156.23	80.7774
1155.15	71.5351
1154.07	69.2173
1152.98	66.9002
1151.9	62.2772
1150.82	83.024
1149.73	48.4235
1148.65	73.7773
1147.56	55.3248
1146.48	73.7555
1145.39	69.1356
1144.31	73.7338
1143.22	64.5075
1142.14	69.105
1141.05	64.4885
1139.97	59.8733
1138.88	64.4694
1137.79	43.7406
1136.71	71.3557
1135.62	52.9335
1134.54	57.528
1133.45	59.8202
1132.36	64.4123
1131.28	48.3021
1130.19	52.8944
1129.1	62.0843
1128.01	43.6825
1126.93	64.3647
1125.84	41.3712
1124.75	32.1728
1123.66	50.5498
1122.57	55.1371
1121.49	39.0497
1120.4	55.1208
1119.31	52.8163
1118.22	64.2886
1117.13	45.9137
1116.04	66.565
1114.95	61.9651
1113.86	45.8933
1112.77	43.5922
1111.68	38.9978
1110.59	64.2221
1109.5	61.9193
1108.41	32.1016
1107.32	36.6821
1106.23	52.7227
1105.14	34.3793
1104.05	54.9987
1102.96	45.8255
1101.87	59.5643
1100.78	45.8119
1099.69	36.6441
1098.59	48.0883
1097.5	27.4749
1096.41	25.1816
1095.32	38.9113
1094.23	48.0598
1093.13	59.4938
1092.04	38.8941
1090.95	27.4506
1089.85	43.457
1088.76	11.4343
1087.67	59.4498
1086.57	22.8619
1085.48	36.5737
1084.39	47.9958
1083.29	31.9925
1082.2	34.2726
1081.1	36.552
1080.01	41.1149
1078.91	50.2441
1077.82	25.1184
1076.72	45.663
1075.63	43.3734
1074.53	54.7793
1073.44	36.5142
1072.34	29.6634
1071.25	34.2219
1070.15	25.0923
1069.06	25.0886
1067.96	36.4871
1066.86	38.7618
1065.77	18.2382
1064.67	34.1915
1063.57	36.4655
1062.48	11.3938
1061.38	34.1763
1060.28	36.4493
1059.18	29.6107
1058.09	18.2192
1056.99	22.7707
1055.89	36.4277
1054.79	36.4223
1053.69	27.3127
1052.59	27.3086
1051.5	34.1307
1050.4	29.5756
1049.3	15.923
1048.2	27.2924
1047.1	29.5624
1046	25.0107
1044.9	18.1869
1043.8	18.1842
1042.7	20.4542
1041.6	11.3617
1040.5	24.9921
1039.4	27.2601
1038.3	20.442
1037.2	18.168
1036.1	6.81199
1035	31.7846
1033.89	13.6199
1032.79	24.9662
1031.69	15.8852
1030.59	24.9588
1029.49	27.2237
1028.38	34.0246
1027.28	18.1438
1026.18	34.0145
1025.08	18.1384
1023.97	29.4705
1022.87	13.5998
1021.77	9.06516
1020.67	18.1276
1019.56	9.06247
1018.46	13.5917
1017.35	18.1196
1016.25	33.9691
1015.15	9.05709
1014.04	27.1672
1012.94	33.954
1011.83	4.52653
1010.73	24.8922
1009.62	15.8381
1008.52	24.8848
1007.41	15.8334
1006.31	15.8311
1005.2	22.6125
1004.1	20.3482
1002.99	18.0846
1001.88	11.3012
1000.78	29.3788
999.672	15.817
998.565	11.2962
997.458	15.8123
996.351	9.03426
995.244	9.03291
994.137	9.03157
993.03	9.03023
991.922	18.0578
990.814	22.5689
989.706	15.7959
988.598	15.7935
987.49	15.7912
986.382	6.76664
985.273	13.5313
984.165	29.3134
983.056	0
981.947	15.7794
980.837	13.5232
979.728	15.7748
978.619	15.7724
977.509	20.2758
976.399	24.7778
975.289	9.00879
974.179	6.75558
973.068	4.50305
971.958	24.7631
970.847	18.0069
969.736	13.5031
968.625	2.25019
967.514	15.749
966.403	20.2457
965.291	13.4951
964.18	17.9908
963.068	4.49703
961.956	6.74454
960.844	6.74354
959.731	20.2276
958.619	20.2246
957.506	15.7279
956.393	4.49302
955.28	15.7232
954.167	15.7209
953.054	20.2096
951.94	6.73552
950.827	8.97936
949.713	17.956
948.599	13.465
947.485	0
946.37	4.48701
945.256	11.2159
944.141	13.457
943.026	15.6975
941.911	11.2108
940.796	11.2092
939.681	8.96601
938.565	13.447
937.45	15.6858
936.334	6.7215
935.218	17.9213
934.102	11.1992
932.985	4.479
931.869	15.6742
930.752	13.433
929.635	6.7155
928.518	6.7145
927.401	4.47567
926.284	8.95
925.166	17.8973
924.049	13.421
922.931	22.365
921.813	15.6532
920.695	13.415
919.577	17.884
918.458	15.6462
917.339	20.1135
916.221	6.70351
915.102	4.46834
913.982	20.1045
912.863	20.1015
911.744	17.8654
910.624	13.397
909.504	11.1625
908.384	8.92869
907.264	17.8547
906.144	20.0836
905.023	6.69353
903.903	20.0776
902.782	13.3831
901.661	11.1509
900.54	15.6089
899.418	8.91805
898.297	8.91672
897.175	-2.22885
896.053	28.9707
894.931	4.45637
893.809	11.1393
892.687	11.1376
891.564	24.4991
890.442	11.1343
889.319	17.8122
888.196	11.131
887.073	6.67758
885.949	17.8042
884.826	11.126
883.702	6.67459
882.578	15.5717
881.454	13.3452
880.33	15.5671
879.206	22.2354
878.081	6.66961
876.957	17.783
875.832	4.44508
874.707	0
873.582	8.88751
872.456	13.3293
871.331	11.1061
870.205	6.66265
869.079	11.1028
867.953	4.44044
866.827	15.5392
865.701	0
864.574	13.3154
863.448	13.3134
862.321	13.3114
861.194	4.43647
860.067	15.5253
858.939	15.523
857.812	11.0862
856.684	8.86763
855.556	6.64973
854.428	22.1625
853.3	0
852.171	15.5091
851.043	8.86101
849.914	8.85969
848.785	15.5021
847.656	11.0713
846.527	15.4975
845.398	22.136
844.268	2.21327
843.138	6.63882
842.009	8.85043
840.878	0
839.748	17.6956
838.618	24.3278
837.487	13.2677
836.357	6.63287
835.226	13.2638
834.095	0
832.963	17.6797
831.832	11.0482
830.7	8.83722
829.569	4.41795
828.437	8.83457
827.305	13.2499
826.172	17.6639
825.04	11.0383
823.907	11.0366
822.775	4.41399
821.642	15.4466
820.509	4.41267
819.375	8.82401
818.242	17.6454
817.108	15.4374
815.974	8.82006
814.84	2.20468
813.706	13.2261
812.572	4.40805
811.438	15.4259
810.303	17.6269
809.168	-2.20304
808.033	8.81083
806.898	6.60713
805.763	19.8184
804.627	15.412
803.492	24.2153
802.356	13.2064
801.22	2.20073
800.084	13.2024
798.947	13.2004
797.811	4.39948
796.674	21.9941
795.537	13.1945
794.4	10.9938
793.263	10.9921
792.126	10.9905
790.988	4.39553
789.851	4.39488
788.713	8.78844
787.575	6.59034
786.437	10.9823
785.298	4.39225
784.16	-2.19579
783.021	4.39093
781.882	8.78055
780.743	2.19481
779.604	10.9724
778.464	0
777.325	2.19382
776.185	13.161
775.045	6.57949
773.905	15.3499
772.765	8.77003
771.624	8.76872
770.484	19.7267
769.343	8.76609
768.202	-2.19119
767.061	21.9087
765.92	13.1432
764.778	17.5217
763.637	26.2786
762.495	4.37911
761.353	4.37845
760.211	8.75559
759.069	0
757.926	6.56472
756.783	6.56374
755.641	2.18759
754.498	2.18726
753.354	0
752.211	6.5598
751.068	17.4902
749.924	17.4876
748.78	0
747.636	10.9265
746.492	13.1098
745.348	17.4771
744.203	0
743.058	15.2879
741.914	17.4692
740.768	8.7333
739.623	-2.183
738.478	13.096
737.332	10.9117
736.187	0
735.041	4.36338
733.895	6.54408
732.748	0
731.602	0
730.455	4.36076
729.309	17.4404
728.162	17.4378
727.015	4.3588
725.867	2.17907
724.72	4.35749
723.572	10.8921
722.424	0
721.276	10.8888
720.128	10.8872
718.98	17.4169
717.831	6.53035
716.683	17.4116
715.534	19.5852
714.385	10.879
713.236	-4.35095
712.086	17.4012
710.937	10.8741
709.787	2.1745
708.637	13.045
707.487	4.34769
706.337	10.8676
705.187	2.17319
704.036	0
702.886	15.2078
701.735	-4.34442
700.584	4.34377
699.432	17.3725
698.281	17.3699
697.129	0
695.978	6.51174
694.826	10.8513
693.673	2.16993
692.521	6.50881
691.369	-2.16928
690.216	15.1827
689.063	13.0117
687.91	6.5049
686.757	8.67189
685.604	13.0059
684.45	4.33464
683.297	6.50099
682.143	8.66668
680.989	6.49903
679.835	10.8301
678.68	15.1598
677.526	2.16537
676.371	23.8155
675.216	8.65886
674.061	-2.16439
672.906	10.8203
671.75	-2.16374
670.595	2.16341
669.439	4.32618
668.283	12.9766
667.127	17.2995
665.971	8.64845
664.814	2.16179
663.658	10.8073
662.501	4.32227
661.344	17.2865
660.187	15.1234
659.029	0
657.872	0
656.714	4.31902
655.556	15.1143
654.398	10.7943
653.24	4.31708
652.082	2.15821
650.923	2.15789
649.765	4.31513
648.606	6.47172
647.447	-6.47074
646.287	10.7829
645.128	15.0939
643.968	0
642.809	6.46685
641.649	6.46587
640.489	12.9298
639.328	4.30928
638.168	0
637.007	6.46198
635.846	15.0757
634.685	4.30669
633.524	6.45906
632.363	6.45809
631.201	19.3713
630.04	4.3041
628.878	8.60689
627.716	8.6056
626.554	4.30215
625.391	8.60301
624.229	10.7521
623.066	6.45031
621.903	6.44934
620.74	15.0462
619.577	8.59653
618.413	8.59523
617.25	10.7424
616.086	8.59264
614.922	0
613.758	15.0326
612.593	12.8831
611.429	4.29373
610.264	8.58617
609.099	12.8773
607.934	10.7295
606.769	2.14557
605.604	12.8715
604.438	15.0145
603.273	10.723
602.107	15.0099
600.941	6.43186
599.774	6.43089
598.608	0
597.441	6.42895
596.275	2.14266
595.108	10.7117
593.941	8.56806
592.773	12.8502
591.606	-2.14137
590.438	-10.7052
589.27	8.56289
588.102	8.5616
586.934	-8.56031
585.766	-2.13975
584.597	-2.13943
583.429	0
582.26	2.13879
581.091	8.55385
579.921	17.1051
578.752	4.27564
577.582	14.9625
576.413	4.27435
575.243	0
574.072	-2.13653
572.902	6.40862
571.732	6.40765
570.561	6.40668
569.39	12.8114
568.219	-6.40475
567.048	12.8076
565.877	0
564.705	2.13395
563.533	6.40088
562.362	4.26661
561.189	8.53193
560.017	0
558.845	6.39701
557.672	-6.39605
556.499	6.39508
555.326	6.39412
554.153	6.39315
552.98	6.39218
551.807	2.13041
550.633	6.39025
549.459	2.12976
548.285	6.38832
547.111	0
545.936	8.51519
544.762	-4.25695
543.587	-2.12815
542.412	-4.25566
541.237	4.25502
540.062	4.25438
538.886	0
537.711	8.50619
536.535	4.25245
535.359	0
534.183	-4.25116
533.007	21.2526
531.83	10.6247
530.653	0
529.477	19.1187
528.3	-2.12398
527.122	-10.6183
525.945	-2.12333
524.767	0
523.59	4.24538
522.412	-2.12237
521.234	2.12205
520.055	0
518.877	2.12141
517.698	8.48435
516.519	2.12077
515.34	-4.24089
514.161	12.7207
512.982	4.23961
511.802	-2.11948
510.623	14.8341
509.443	12.713
508.263	10.5926
507.082	0
505.902	-2.11788
504.721	19.058
503.541	8.46895
502.36	-8.46767
501.178	-2.1166
499.997	8.46511
498.816	4.23191
497.634	19.0407
496.452	2.11532
495.27	10.575
494.088	4.22935
492.905	0
491.723	-6.34211
490.54	6.34115
489.357	0
488.174	12.6785
486.991	25.3531
485.807	4.22487
484.624	14.7848
483.44	-2.1118
482.256	10.5574
481.072	8.44462
479.887	2.11084
478.703	14.7736
477.518	16.8816
476.333	0
475.148	2.10956
473.963	8.43695
472.777	4.21784
471.592	4.2172
470.406	0
469.22	8.43184
468.034	6.32292
466.847	21.0732
465.661	21.07
464.474	14.7468
463.287	12.6382
462.1	8.42417
460.913	16.8458
459.726	6.31621
458.538	-8.42034
457.35	18.9429
456.162	-6.31334
454.974	6.31238
453.786	4.20762
452.597	14.7244
451.409	8.41268
450.22	6.30855
449.031	12.6152
447.842	-2.10221
446.652	-8.40758
445.463	8.4063
444.273	10.5063
443.083	12.6056
441.893	8.40248
440.702	0
439.512	10.4999
438.321	-6.29899
437.13	6.29803
435.939	10.4951
434.748	-2.09871
433.557	10.4919
432.365	6.29421
431.173	18.8798
429.982	2.09743
428.789	8.38846
427.597	12.5808
426.405	2.09648
425.212	8.38464
424.019	8.38337
422.826	8.3821
421.633	-2.09521
420.44	-2.09489
419.246	4.18914
418.052	16.754
416.858	14.6575
415.664	12.5617
414.47	4.1866
413.275	20.9298
412.081	18.834
410.886	14.6464
409.691	0
408.496	2.09171
407.3	27.1881
406.105	-2.09107
404.909	16.726
403.713	10.4522
402.517	18.8111
401.321	18.8082
400.124	16.7159
398.928	20.8917
397.731	8.3554
396.534	8.35413
395.337	16.7057
394.139	2.0879
392.942	20.8758
391.744	12.5236
390.546	0
389.348	8.34651
388.15	12.5179
386.951	-2.08599
385.753	16.6854
384.554	14.5975
383.355	14.5953
382.155	2.08473
380.956	2.08441
379.757	20.8409
378.557	2.08377
377.357	10.4173
376.157	16.6651
374.956	0
373.756	12.495
372.555	2.08219
371.354	14.5731
370.153	14.5709
368.952	12.4874
367.751	12.4855
366.549	10.403
365.348	6.24087
364.146	18.7198
362.943	12.4779
361.741	16.6347
360.539	6.23707
359.336	-8.31483
358.133	2.07839
356.93	10.3904
355.727	0
354.523	4.15489
353.32	22.8484
352.116	12.4609
350.912	16.612
349.708	-2.07618
348.504	0
347.299	2.07555
346.095	10.3761
344.89	14.5244
343.685	6.22379
342.479	8.29713
341.274	-4.14793
340.068	6.22095
338.863	4.14667
337.657	8.29207
336.45	4.1454
335.244	4.14477
334.038	0
332.831	10.3588
331.624	10.3572
330.417	2.07112
329.21	4.14162
328.002	16.5639
326.795	0
325.587	10.3493
324.379	4.13909
323.171	4.13846
321.962	6.20675
320.754	12.4116
319.545	26.8877
318.336	-8.27188
317.127	6.20296
315.918	4.13468
314.708	4.13405
313.499	6.20013
312.289	20.6639
311.079	2.06608
309.868	18.5919
308.658	12.3927
307.447	4.13027
306.237	22.713
305.026	6.19351
303.815	0
302.603	10.3194
301.392	8.25424
300.18	20.6324
298.968	8.25172
297.756	6.18784
296.544	0
295.332	20.6199
294.119	4.12334
292.906	4.12271
291.693	8.24417
290.48	10.3036
289.267	14.4229
288.053	10.3005
286.839	8.23913
285.626	4.11894
284.411	6.17746
283.197	14.4119
281.983	2.05853
280.768	10.2911
279.553	16.4632
278.338	10.2879
277.123	4.11454
275.908	0
274.692	12.3398
273.476	-8.22531
272.26	10.2801
271.044	22.6127
269.828	20.5539
268.611	16.4406
267.395	8.21903
266.178	4.10889
264.961	10.2706
263.744	6.16145
262.526	26.6955
261.308	6.15956
260.091	12.3172
258.873	14.3679
257.654	14.3657
256.436	14.3635
255.218	20.5162
253.999	16.4105
252.78	16.4079
251.561	-2.05068
250.342	6.1511
249.122	20.5005
247.902	8.19896
246.683	22.5437
245.462	4.09823
244.242	14.3416
243.022	2.04849
241.801	2.04817
240.58	10.2393
239.359	-2.04755
238.138	10.2362
236.917	14.3284
235.695	16.3729
234.474	18.4167
233.252	24.5518
232.03	8.18267
230.807	6.13607
229.585	8.18017
228.362	8.17892
227.139	14.3109
225.916	6.13231
224.693	6.13137
223.47	-10.2174
222.246	8.17267
221.022	16.3428
219.798	2.04254
218.574	4.08446
217.35	16.3353
216.125	16.3328
214.901	8.16516
213.676	10.2049
212.451	8.16266
211.225	18.3632
210	6.12012
208.774	0
207.549	20.3942
206.322	14.2737
205.096	14.2715
203.87	16.3078
202.643	4.07634
201.416	18.3407
200.19	6.11263
198.962	8.14893
197.735	14.2584
196.507	6.10982
195.28	10.1815
194.052	12.2159
192.824	6.10702
191.595	14.2475
190.367	12.2103
189.138	10.1737
187.91	14.241
186.68	4.06823
185.451	4.0676
184.222	16.2679
182.992	14.2322
181.762	24.3944
180.532	6.09766
179.302	4.06449
178.072	18.2874
176.841	8.12648
175.611	6.09393
174.38	16.248
173.149	18.2762
171.917	12.1822
170.686	4.06013
169.454	16.238
168.222	4.05888
166.99	2.02913
165.758	14.2017
164.526	18.2566
163.293	18.2538
162.06	22.3067
160.827	12.1654
159.594	12.1636
158.361	14.1887
157.127	20.2664
155.893	20.2633
154.659	20.2602
153.425	22.2828
152.191	22.2794
150.956	12.1505
149.722	18.223
148.487	12.1468
147.252	22.2657
146.016	20.2384
144.781	12.1412
143.545	18.209
142.309	20.2291
141.073	16.1808
139.837	32.3567
138.601	20.2198
137.364	32.3467
136.127	20.2136
134.89	22.2316
133.653	16.1659
132.416	30.3064
131.178	28.2817
129.941	20.1981
128.703	26.2535
127.464	6.05757
126.226	26.2454
124.988	42.3899
123.749	28.2556
122.51	24.2154
121.271	22.194
120.032	10.0866
118.792	20.1702
117.553	34.284
116.313	32.2624
115.073	20.1609
113.833	16.1262
112.592	18.1392
111.352	16.1213
110.111	20.1485
108.87	32.2326
107.629	28.1992
106.387	2.01392
105.146	-8.05445
103.904	2.0133
102.662	-2.01299
101.42	-16.1015
100.178	-10.0619