1000	5879.91
1000.2	5881.91
1000.4	5891
1000.6	5904.91
1000.8	5907.36
1001	5917.91
1001.2	5939.36
1001.4	5920.45
1001.6	5903.45
1001.8	5897.82
1002	5893
1002.2	5873.27
1002.4	5880.64
1002.6	5886.64
1002.8	5872.36
1003	5876.18
1003.2	5863.64
1003.4	5848.45
1003.6	5858.09
1003.8	5859.18
1004	5860.45
1004.2	5860
1004.4	5874
1004.6	5876.36
1004.8	5872
1005	5886.82
1005.2	5883.45
1005.4	5876.09
1005.6	5878.73
1005.8	5891.73
1006	5883.36
1006.2	5877.82
1006.4	5875.09
1006.6	5869.64
1006.8	5861.55
1007	5871
1007.2	5873.09
1007.4	5879.64
1007.6	5879.82
1007.8	5870.18
1008	5843.27
1008.2	5841.36
1008.4	5843.64
1008.6	5849.45
1008.8	5849.36
1009	5855.64
1009.2	5856.64
1009.4	5846.36
1009.6	5854.27
1009.8	5884
1010	5911.09
1010.2	5916.73
1010.4	5925.91
1010.6	5932.55
1010.8	5925.82
1011	5930.64
1011.2	5939.55
1011.4	5919.09
1011.6	5909.64
1011.8	5903.27
1012	5887.73
1012.2	5877
1012.4	5870.64
1012.6	5872.27
1012.8	5872.45
1013	5873.45
1013.2	5868.45
1013.4	5860.64
1013.6	5880.82
1013.8	5883.73
1014	5886.27
1014.2	5904.09
1014.4	5901.36
1014.6	5918.73
1014.8	5922.27
1015	5925.36
1015.2	5915.55
1015.4	5917.18
1015.6	5916.55
1015.8	5915.18
1016	5933.91
1016.2	5934.64
1016.4	5923.55
1016.6	5920.73
1016.8	5907.09
1017	5913.73
1017.2	5911.27
1017.4	5935.27
1017.6	5930.64
1017.8	5936.91
1018	5918.18
1018.2	5898.73
1018.4	5899.18
1018.6	5904.45
1018.8	5905
1019	5916.36
1019.2	5911.55
1019.4	5910.73
1019.6	5905.27
1019.8	5905.55
1020	5895.45
1020.2	5902.64
1020.4	5917.91
1020.6	5920.36
1020.8	5908
1021	5925.45
1021.2	5940.09
1021.4	5954.91
1021.6	5967.36
1021.8	5976.18
1022	5983.82
1022.2	6003.27
1022.4	6014.09
1022.6	6022.91
1022.8	6018.09
1023	6037
1023.2	6023.91
1023.4	6008.55
1023.6	5998.09
1023.8	5988.64
1024	5973.73
1024.2	5971.09
1024.4	5942.09
1024.6	5926.91
1024.8	5916.27
1025	5924.64
1025.2	5913.91
1025.4	5927.27
1025.6	5921.73
1025.8	5927.73
1026	5934.73
1026.2	5936.18
1026.4	5942.73
1026.6	5950.45
1026.8	5954.45
1027	5937.45
1027.2	5919.55
1027.4	5925.82
1027.6	5916
1027.8	5920.82
1028	5904.45
1028.2	5898.18
1028.4	5891.82
1028.6	5891.55
1028.8	5908.27
1029	5927.73
1029.2	5950.09
1029.4	5950.64
1029.6	5935.45
1029.8	5934.82
1030	5941.45
1030.2	5970.45
1030.4	5971.82
1030.6	5984.73
1030.8	5991.73
1031	5986.18
1031.2	5966.82
1031.4	5959.64
1031.6	5986.09
1031.8	6005.82
1032	6018.18
1032.2	6017.55
1032.4	5999.36
1032.6	6003.55
1032.8	6010.36
1033	6022.91
1033.2	6049.91
1033.4	6069.55
1033.6	6077.18
1033.8	6069.36
1034	6070.82
1034.2	6057.64
1034.4	6062.27
1034.6	6072
1034.8	6070.64
1035	6083.09
1035.2	6073.55
1035.4	6051.27
1035.6	6036.36
1035.8	6046
1036	6048.73
1036.2	6037
1036.4	6053.82
1036.6	6056.45
1036.8	6056.36
1037	6064.73
1037.2	6065.82
1037.4	6049.36
1037.6	6058.55
1037.8	6079.55
1038	6077.82
1038.2	6086.91
1038.4	6105.36
1038.6	6092.45
1038.8	6087.09
1039	6084.45
1039.2	6066.27
1039.4	6048.55
1039.6	6070.27
1039.8	6061.73
1040	6067.45
1040.2	6080
1040.4	6075.55
1040.6	6067.27
1040.8	6071
1041	6062.91
1041.2	6064.27
1041.4	6089.82
1041.6	6091.45
1041.8	6081.55
1042	6085.09
1042.2	6067
1042.4	6054.64
1042.6	6049.27
1042.8	6048.64
1043	6056.64
1043.2	6076.27
1043.4	6090.45
1043.6	6078.36
1043.8	6081.91
1044	6089.82
1044.2	6090.55
1044.4	6093.09
1044.6	6089.36
1044.8	6094.18
1045	6095.82
1045.2	6091.27
1045.4	6079.18
1045.6	6062.91
1045.8	6047.36
1046	6049.64
1046.2	6065.82
1046.4	6067.18
1046.6	6067.45
1046.8	6071.45
1047	6063.64
1047.2	6066.36
1047.4	6081.82
1047.6	6100.18
1047.8	6109
1048	6128.45
1048.2	6142.09
1048.4	6135.27
1048.6	6123.64
1048.8	6130.36
1049	6128.18
1049.2	6148.09
1049.4	6161.91
1049.6	6143.91
1049.8	6123.18
1050	6112.64
1050.2	6115.18
1050.4	6100
1050.6	6075.09
1050.8	6084.45
1051	6077.09
1051.2	6084.27
1051.4	6082.18
1051.6	6065.36
1051.8	6068.45
1052	6078.45
1052.2	6083.55
1052.4	6085.82
1052.6	6113.82
1052.8	6125.27
1053	6147.18
1053.2	6159.45
1053.4	6148.45
1053.6	6142.73
1053.8	6150.91
1054	6152.82
1054.2	6157.82
1054.4	6160.82
1054.6	6153.36
1054.8	6137.45
1055	6145.27
1055.2	6122.09
1055.4	6122.27
1055.6	6146.18
1055.8	6150.82
1056	6145.82
1056.2	6145.45
1056.4	6145.55
1056.6	6168.45
1056.8	6175.82
1057	6156.09
1057.2	6159.73
1057.4	6176.91
1057.6	6181.73
1057.8	6180.55
1058	6182.55
1058.2	6179.18
1058.4	6179.09
1058.6	6183.18
1058.8	6183.55
1059	6189.27
1059.2	6206.27
1059.4	6216.91
1059.6	6217.64
1059.8	6215.18
1060	6217.55
1060.2	6220.55
1060.4	6248.36
1060.6	6251.64
1060.8	6260.36
1061	6246.91
1061.2	6245.82
1061.4	6241.09
1061.6	6220.82
1061.8	6206.55
1062	6210.27
1062.2	6207.18
1062.4	6207.09
1062.6	6184.09
1062.8	6190.27
1063	6167.82
1063.2	6182.55
1063.4	6174.36
1063.6	6178.82
1063.8	6191.27
1064	6202.82
1064.2	6202.55
1064.4	6190.55
1064.6	6185.82
1064.8	6198.91
1065	6200.09
1065.2	6206.09
1065.4	6192
1065.6	6200.73
1065.8	6198.09
1066	6196.09
1066.2	6191.82
1066.4	6185.18
1066.6	6193.45
1066.8	6203.55
1067	6211.09
1067.2	6219.18
1067.4	6236.36
1067.6	6238
1067.8	6252.27
1068	6267.18
1068.2	6273.09
1068.4	6300.18
1068.6	6301.73
1068.8	6308.73
1069	6302.18
1069.2	6306.18
1069.4	6301.09
1069.6	6310
1069.8	6324.73
1070	6319.45
1070.2	6316.36
1070.4	6317.45
1070.6	6298
1070.8	6313.18
1071	6312
1071.2	6304.09
1071.4	6298.27
1071.6	6295.73
1071.8	6293.55
1072	6285.73
1072.2	6287.91
1072.4	6293.55
1072.6	6292.36
1072.8	6295.09
1073	6285.09
1073.2	6282.64
1073.4	6286.45
1073.6	6256.82
1073.8	6249.82
1074	6245.55
1074.2	6249.73
1074.4	6250.91
1074.6	6256.82
1074.8	6261.64
1075	6279.18
1075.2	6286.55
1075.4	6285.45
1075.6	6298.64
1075.8	6328.82
1076	6337.55
1076.2	6346.09
1076.4	6340.36
1076.6	6340.82
1076.8	6334.91
1077	6331.36
1077.2	6312.36
1077.4	6319.55
1077.6	6340.64
1077.8	6325.91
1078	6332.73
1078.2	6327.18
1078.4	6303.18
1078.6	6306.82
1078.8	6311.45
1079	6321.91
1079.2	6337.36
1079.4	6343.64
1079.6	6331.73
1079.8	6303.73
1080	6314.73
1080.2	6302.09
1080.4	6329.55
1080.6	6348.09
1080.8	6351.36
1081	6346
1081.2	6348.91
1081.4	6336.55
1081.6	6348.82
1081.8	6362.73
1082	6405.18
1082.2	6409.82
1082.4	6424.36
1082.6	6423.73
1082.8	6421.82
1083	6418.36
1083.2	6414.18
1083.4	6399.27
1083.6	6396.91
1083.8	6384
1084	6372.82
1084.2	6343.73
1084.4	6344.36
1084.6	6341.82
1084.8	6327.82
1085	6322.91
1085.2	6319.73
1085.4	6315.73
1085.6	6332.18
1085.8	6334.91
1086	6346.36
1086.2	6340.64
1086.4	6340.36
1086.6	6339.82
1086.8	6340.91
1087	6345.55
1087.2	6357.45
1087.4	6380.18
1087.6	6392
1087.8	6388.82
1088	6383.73
1088.2	6361.45
1088.4	6381.91
1088.6	6383.91
1088.8	6374.09
1089	6365.82
1089.2	6358.09
1089.4	6346.18
1089.6	6324.09
1089.8	6323.55
1090	6327
1090.2	6340.55
1090.4	6355.45
1090.6	6347.09
1090.8	6357.36
1091	6373.36
1091.2	6384.36
1091.4	6411.91
1091.6	6428
1091.8	6442.09
1092	6454.91
1092.2	6445.09
1092.4	6458.36
1092.6	6461.64
1092.8	6480.27
1093	6490.55
1093.2	6503.64
1093.4	6523.18
1093.6	6512.36
1093.8	6520.91
1094	6533.73
1094.2	6529.27
1094.4	6546.18
1094.6	6531.45
1094.8	6536.18
1095	6521.91
1095.2	6525.27
1095.4	6519.36
1095.6	6507.45
1095.8	6508.18
1096	6498.91
1096.2	6488.91
1096.4	6469.45
1096.6	6455.09
1096.8	6450.27
1097	6446
1097.2	6438
1097.4	6410.09
1097.6	6411.64
1097.8	6422.45
1098	6416.64
1098.2	6437.09
1098.4	6437.91
1098.6	6462.55
1098.8	6475.55
1099	6503
1099.2	6520.82
1099.4	6547.73
1099.6	6590
1099.8	6590.82
1100	6578.64
1100.2	6606.18
1100.4	6585
1100.6	6594.64
1100.8	6594.27
1101	6586.82
1101.2	6579.91
1101.4	6571.27
1101.6	6573.09
1101.8	6553.45
1102	6556.91
1102.2	6559.64
1102.4	6549.36
1102.6	6548.82
1102.8	6542.82
1103	6530.09
1103.2	6525.27
1103.4	6507.55
1103.6	6510.45
1103.8	6492.64
1104	6480.73
1104.2	6474.36
1104.4	6468.09
1104.6	6463.09
1104.8	6450.18
1105	6451.09
1105.2	6462
1105.4	6477.55
1105.6	6488.82
1105.8	6480.27
1106	6495
1106.2	6508.36
1106.4	6511.64
1106.6	6523.18
1106.8	6525.45
1107	6556.18
1107.2	6569.36
1107.4	6583.36
1107.6	6589.27
1107.8	6600.55
1108	6614.64
1108.2	6613.45
1108.4	6619.64
1108.6	6648.36
1108.8	6630.73
1109	6642.36
1109.2	6629.73
1109.4	6609.73
1109.6	6609.09
1109.8	6603.45
1110	6606
1110.2	6600.91
1110.4	6603.64
1110.6	6608.82
1110.8	6589
1111	6608.45
1111.2	6600.27
1111.4	6602.45
1111.6	6613.91
1111.8	6610.73
1112	6629.45
1112.2	6655.82
1112.4	6694.64
1112.6	6715.09
1112.8	6742
1113	6782.36
1113.2	6818.09
1113.4	6852.73
1113.6	6882.36
1113.8	6928.36
1114	6960.27
1114.2	6984.64
1114.4	6994.55
1114.6	7015
1114.8	7036.82
1115	7050
1115.2	7050.27
1115.4	7060.36
1115.6	7084
1115.8	7108.55
1116	7108.82
1116.2	7125.45
1116.4	7134.36
1116.6	7147.18
1116.8	7139.18
1117	7152.18
1117.2	7153.09
1117.4	7174.09
1117.6	7192.82
1117.8	7195.73
1118	7206.09
1118.2	7235.55
1118.4	7244.64
1118.6	7250.18
1118.8	7275.45
1119	7322.91
1119.2	7348.82
1119.4	7379.45
1119.6	7404.64
1119.8	7430.82
1120	7467
1120.2	7511.55
1120.4	7533.55
1120.6	7570.09
1120.8	7606.09
1121	7636.27
1121.2	7640.55
1121.4	7666.55
1121.6	7676
1121.8	7682.64
1122	7671.09
1122.2	7664.73
1122.4	7667.27
1122.6	7664.27
1122.8	7657.45
1123	7661.36
1123.2	7654.36
1123.4	7635.55
1123.6	7629.91
1123.8	7640.27
1124	7639.55
1124.2	7664
1124.4	7657.91
1124.6	7637.82
1124.8	7647.27
1125	7664.09
1125.2	7657.82
1125.4	7640.18
1125.6	7625.27
1125.8	7604.64
1126	7595.45
1126.2	7607.09
1126.4	7591
1126.6	7606.55
1126.8	7608.18
1127	7594.18
1127.2	7555.09
1127.4	7533
1127.6	7526
1127.8	7527.18
1128	7520.27
1128.2	7492.36
1128.4	7449.45
1128.6	7418.73
1128.8	7394.45
1129	7363.73
1129.2	7332.27
1129.4	7315.64
1129.6	7292.09
1129.8	7270.55
1130	7257.91
1130.2	7231.91
1130.4	7206.82
1130.6	7187.91
1130.8	7161.36
1131	7110.82
1131.2	7079.45
1131.4	7053.55
1131.6	7056.55
1131.8	7033.73
1132	7033.45
1132.2	7011.36
1132.4	6990
1132.6	6982.18
1132.8	6985.73
1133	6996.91
1133.2	6984.09
1133.4	6970.82
1133.6	6982.64
1133.8	6955.91
1134	6959.55
1134.2	6929.09
1134.4	6926.91
1134.6	6898.82
1134.8	6880
1135	6860.36
1135.2	6837.64
1135.4	6842.18
1135.6	6845.82
1135.8	6811.64
1136	6799.27
1136.2	6786.09
1136.4	6789.09
1136.6	6775.82
1136.8	6805.73
1137	6818.45
1137.2	6825.45
1137.4	6833.27
1137.6	6839.27
1137.8	6846.91
1138	6842.55
1138.2	6850.91
1138.4	6869.18
1138.6	6857.73
1138.8	6881
1139	6872.18
1139.2	6888.55
1139.4	6867.18
1139.6	6880.64
1139.8	6889.09
1140	6880.82
1140.2	6888.09
1140.4	6888.91
1140.6	6879.09
1140.8	6896.18
1141	6888
1141.2	6881.27
1141.4	6854.73
1141.6	6855.36
1141.8	6838.73
1142	6824.64
1142.2	6828.55
1142.4	6849.18
1142.6	6860.36
1142.8	6849.55
1143	6848.36
1143.2	6841.91
1143.4	6836.09
1143.6	6863.36
1143.8	6887
1144	6889.82
1144.2	6896.45
1144.4	6911
1144.6	6890.82
1144.8	6893.45
1145	6919.45
1145.2	6917.36
1145.4	6925
1145.6	6952.36
1145.8	6942.82
1146	6949.55
1146.2	6961.73
1146.4	6972.55
1146.6	6977.73
1146.8	6986.64
1147	6997.82
1147.2	6999.09
1147.4	7008.27
1147.6	7028.27
1147.8	7018.82
1148	7020.91
1148.2	6989.45
1148.4	6975.91
1148.6	6963.18
1148.8	6947.55
1149	6972.18
1149.2	6945.73
1149.4	6934.64
1149.6	6927.36
1149.8	6916.82
1150	6927
1150.2	6931.55
1150.4	6943.18
1150.6	6962.91
1150.8	6970.36
1151	6996.09
1151.2	7000.18
1151.4	7022
1151.6	7034.09
1151.8	7027
1152	7011.36
1152.2	7014.36
1152.4	7013.91
1152.6	7035.27
1152.8	7032.64
1153	7034.27
1153.2	7016.91
1153.4	7003.18
1153.6	7004.45
1153.8	6997.73
1154	7009.36
1154.2	7019.91
1154.4	7015.45
1154.6	7017.36
1154.8	7017.64
1155	7011.45
1155.2	7010.82
1155.4	7023.27
1155.6	7035.27
1155.8	7030.09
1156	7036.91
1156.2	7035.64
1156.4	7030.45
1156.6	7036.45
1156.8	7045.91
1157	7030.18
1157.2	7036.36
1157.4	7041.82
1157.6	7051.27
1157.8	7056.18
1158	7076.91
1158.2	7075.73
1158.4	7088.45
1158.6	7106.18
1158.8	7123.18
1159	7128.36
1159.2	7139.18
1159.4	7151
1159.6	7160.36
1159.8	7149.64
1160	7137.55
1160.2	7110.82
1160.4	7116.82
1160.6	7105.64
1160.8	7102.36
1161	7091.55
1161.2	7068.82
1161.4	7056.36
1161.6	7035.91
1161.8	7009.18
1162	7004.27
1162.2	6999.27
1162.4	7014.36
1162.6	7014.73
1162.8	7022.73
1163	7006.82
1163.2	6994.36
1163.4	7009.64
1163.6	7030.55
1163.8	7042.45
1164	7082.45
1164.2	7089.91
1164.4	7109.45
1164.6	7108.18
1164.8	7130.27
1165	7136
1165.2	7159.55
1165.4	7162.27
1165.6	7165.55
1165.8	7173.27
1166	7186
1166.2	7166.91
1166.4	7164.09
1166.6	7145.45
1166.8	7152.91
1167	7121.36
1167.2	7113.45
1167.4	7115.73
1167.6	7146.91
1167.8	7159
1168	7137.18
1168.2	7123.91
1168.4	7120.73
1168.6	7131.55
1168.8	7141.36
1169	7146.55
1169.2	7162.91
1169.4	7176.55
1169.6	7173.55
1169.8	7162.18
1170	7168.55
1170.2	7182.09
1170.4	7188.55
1170.6	7198.82
1170.8	7217.73
1171	7243.36
1171.2	7253.27
1171.4	7269.27
1171.6	7281.09
1171.8	7289.27
1172	7286.18
1172.2	7286.09
1172.4	7302.36
1172.6	7301.91
1172.8	7302.18
1173	7285.82
1173.2	7268.45
1173.4	7257.09
1173.6	7263.91
1173.8	7261.36
1174	7265.91
1174.2	7260
1174.4	7256
1174.6	7244.73
1174.8	7260.64
1175	7257
1175.2	7254.36
1175.4	7266.27
1175.6	7274.45
1175.8	7265.27
1176	7253.45
1176.2	7231.09
1176.4	7238.55
1176.6	7231.36
1176.8	7224.36
1177	7217
1177.2	7230.45
1177.4	7225.27
1177.6	7231.27
1177.8	7215.91
1178	7218.73
1178.2	7248.73
1178.4	7271.36
1178.6	7287.64
1178.8	7291.64
1179	7321.18
1179.2	7318.27
1179.4	7318.55
1179.6	7351
1179.8	7349.36
1180	7379.64
1180.2	7372.18
1180.4	7369.82
1180.6	7378.18
1180.8	7368.18
1181	7379.45
1181.2	7366.91
1181.4	7361.27
1181.6	7366.64
1181.8	7360.73
1182	7359.09
1182.2	7352.64
1182.4	7361.09
1182.6	7344.27
1182.8	7329.64
1183	7314.36
1183.2	7287.18
1183.4	7282.45
1183.6	7284.64
1183.8	7274.45
1184	7258.73
1184.2	7274.09
1184.4	7278.91
1184.6	7280.82
1184.8	7302
1185	7318.91
1185.2	7350.64
1185.4	7381.45
1185.6	7404.91
1185.8	7423
1186	7427.64
1186.2	7423.36
1186.4	7431.91
1186.6	7425.09
1186.8	7436.45
1187	7425.09
1187.2	7422.27
1187.4	7414
1187.6	7419.64
1187.8	7408.64
1188	7406.27
1188.2	7414.91
1188.4	7431.55
1188.6	7415.18
1188.8	7406
1189	7411.18
1189.2	7421.91
1189.4	7434.27
1189.6	7440.82
1189.8	7438.27
1190	7453.82
1190.2	7452.45
1190.4	7471
1190.6	7493.18
1190.8	7501.18
1191	7526.36
1191.2	7517.64
1191.4	7515.45
1191.6	7516.09
1191.8	7529.18
1192	7541.36
1192.2	7539.36
1192.4	7542
1192.6	7538
1192.8	7514
1193	7499.45
1193.2	7497
1193.4	7485.64
1193.6	7464.27
1193.8	7463.55
1194	7459.91
1194.2	7453.55
1194.4	7461.64
1194.6	7483.64
1194.8	7477.45
1195	7502
1195.2	7511
1195.4	7526.18
1195.6	7559.09
1195.8	7596.73
1196	7612.36
1196.2	7620.91
1196.4	7646.18
1196.6	7652.09
1196.8	7659.18
1197	7671.55
1197.2	7679.64
1197.4	7677.64
1197.6	7663.64
1197.8	7657.91
1198	7658.45
1198.2	7644.36
1198.4	7625.91
1198.6	7608.45
1198.8	7603.91
1199	7602.82
1199.2	7588
1199.4	7567.18
1199.6	7562.45
1199.8	7566.82
1200	7556.91
1200.2	7554.55
1200.4	7582.55
1200.6	7597.73
1200.8	7610.82
1201	7613.91
1201.2	7607
1201.4	7636
1201.6	7658
1201.8	7676.55
1202	7678.36
1202.2	7698.82
1202.4	7697.64
1202.6	7689.18
1202.8	7686.27
1203	7675.45
1203.2	7667.64
1203.4	7660.82
1203.6	7666.18
1203.8	7659.64
1204	7672
1204.2	7694.55
1204.4	7697.45
1204.6	7695.18
1204.8	7693.91
1205	7707.82
1205.2	7725.73
1205.4	7732.36
1205.6	7743.45
1205.8	7728.55
1206	7730.64
1206.2	7713.91
1206.4	7693.45
1206.6	7686.27
1206.8	7681.45
1207	7668.27
1207.2	7669.36
1207.4	7659.82
1207.6	7686.36
1207.8	7697.73
1208	7709.36
1208.2	7707.64
1208.4	7722.18
1208.6	7733.45
1208.8	7728
1209	7763.09
1209.2	7785.36
1209.4	7783.55
1209.6	7811.27
1209.8	7808.18
1210	7806.82
1210.2	7802.91
1210.4	7796.09
1210.6	7800.73
1210.8	7795.09
1211	7802.18
1211.2	7793.27
1211.4	7782.73
1211.6	7772.82
1211.8	7747.09
1212	7718.91
1212.2	7723
1212.4	7718
1212.6	7735.36
1212.8	7753.36
1213	7773.82
1213.2	7775.64
1213.4	7770.91
1213.6	7788.64
1213.8	7809.45
1214	7821.82
1214.2	7856.09
1214.4	7870.09
1214.6	7914.18
1214.8	7916.64
1215	7908.27
1215.2	7889.45
1215.4	7910.45
1215.6	7930.73
1215.8	7930.36
1216	7947.09
1216.2	7947.45
1216.4	7935.09
1216.6	7920.09
1216.8	7917.73
1217	7926.64
1217.2	7932.82
1217.4	7958.27
1217.6	7947.36
1217.8	7940.55
1218	7933.09
1218.2	7918.91
1218.4	7916.73
1218.6	7906.18
1218.8	7929.73
1219	7912.09
1219.2	7926.27
1219.4	7937.36
1219.6	7930
1219.8	7932.82
1220	7910.82
1220.2	7926.64
1220.4	7943.18
1220.6	7950.18
1220.8	7966
1221	7957.45
1221.2	7955.82
1221.4	7953.82
1221.6	7959.18
1221.8	7992.82
1222	8011.27
1222.2	8044
1222.4	8040.73
1222.6	8035.45
1222.8	8053.09
1223	8068.18
1223.2	8067.36
1223.4	8091.64
1223.6	8073.91
1223.8	8050.55
1224	8008.55
1224.2	7998.27
1224.4	7987.55
1224.6	7993.64
1224.8	8008.55
1225	8013.64
1225.2	8003.64
1225.4	8019.09
1225.6	8002.27
1225.8	8015.91
1226	8032.64
1226.2	8050.91
1226.4	8063.55
1226.6	8082.73
1226.8	8094.18
1227	8093.55
1227.2	8096.45
1227.4	8103.73
1227.6	8117
1227.8	8142.91
1228	8172.64
1228.2	8199.55
1228.4	8209.18
1228.6	8205
1228.8	8207.36
1229	8206
1229.2	8203.82
1229.4	8191.18
1229.6	8186
1229.8	8154.55
1230	8143.36
1230.2	8121.27
1230.4	8103.73
1230.6	8098.91
1230.8	8103.55
1231	8092.55
1231.2	8092
1231.4	8082.55
1231.6	8082
1231.8	8076
1232	8089.09
1232.2	8095.91
1232.4	8107.91
1232.6	8102.91
1232.8	8099.36
1233	8105.36
1233.2	8128.73
1233.4	8136.09
1233.6	8168.73
1233.8	8196.18
1234	8241.09
1234.2	8259.73
1234.4	8280.09
1234.6	8278.27
1234.8	8303.45
1235	8319.27
1235.2	8352.64
1235.4	8349.18
1235.6	8349.27
1235.8	8341.55
1236	8311.64
1236.2	8271.18
1236.4	8251.36
1236.6	8214.18
1236.8	8200.09
1237	8183.45
1237.2	8177.36
1237.4	8141.55
1237.6	8144.91
1237.8	8135.82
1238	8115.09
1238.2	8117.82
1238.4	8141.27
1238.6	8155.64
1238.8	8174.27
1239	8208
1239.2	8235.09
1239.4	8254.45
1239.6	8282.18
1239.8	8289.36
1240	8324.73
1240.2	8355.45
1240.4	8397.55
1240.6	8409.82
1240.8	8436.64
1241	8452.27
1241.2	8446.45
1241.4	8450.36
1241.6	8448.82
1241.8	8436
1242	8410.18
1242.2	8375.73
1242.4	8344.09
1242.6	8321.36
1242.8	8309.64
1243	8300.82
1243.2	8294.18
1243.4	8287
1243.6	8265.55
1243.8	8254
1244	8249.09
1244.2	8251.55
1244.4	8250.09
1244.6	8254.45
1244.8	8264.55
1245	8286.27
1245.2	8276.18
1245.4	8288.27
1245.6	8314.27
1245.8	8328.64
1246	8335.45
1246.2	8370.27
1246.4	8393.73
1246.6	8420
1246.8	8457
1247	8467.64
1247.2	8469.73
1247.4	8487.36
1247.6	8477.18
1247.8	8465.91
1248	8453.82
1248.2	8470.18
1248.4	8440.55
1248.6	8442.45
1248.8	8427.91
1249	8433
1249.2	8422.64
1249.4	8394.64
1249.6	8375.91
1249.8	8380.82
1250	8371.36
1250.2	8385.55
1250.4	8386.73
1250.6	8395.64
1250.8	8394.73
1251	8414.64
1251.2	8388.73
1251.4	8383.82
1251.6	8399.64
1251.8	8401.36
1252	8406.55
1252.2	8437.09
1252.4	8446.09
1252.6	8476.18
1252.8	8502.36
1253	8536.55
1253.2	8544.73
1253.4	8565.45
1253.6	8586
1253.8	8587.36
1254	8616.55
1254.2	8645
1254.4	8640.45
1254.6	8643.55
1254.8	8624
1255	8617.91
1255.2	8603.91
1255.4	8597.18
1255.6	8608.55
1255.8	8612.18
1256	8631.36
1256.2	8600.55
1256.4	8564.18
1256.6	8528.27
1256.8	8508.45
1257	8496.73
1257.2	8474.82
1257.4	8436.09
1257.6	8428.91
1257.8	8431
1258	8426.18
1258.2	8422.55
1258.4	8449.91
1258.6	8470.09
1258.8	8522.91
1259	8554.64
1259.2	8577.64
1259.4	8605.45
1259.6	8642.82
1259.8	8668
1260	8670.45
1260.2	8675.64
1260.4	8698.27
1260.6	8708.18
1260.8	8729.55
1261	8731.36
1261.2	8747.64
1261.4	8742.64
1261.6	8753.64
1261.8	8740.55
1262	8734.91
1262.2	8741.82
1262.4	8740
1262.6	8714.55
1262.8	8695.18
1263	8697.82
1263.2	8701.82
1263.4	8682.36
1263.6	8689.45
1263.8	8671.45
1264	8695.27
1264.2	8695.36
1264.4	8685.18
1264.6	8688.82
1264.8	8691.09
1265	8712.27
1265.2	8685.55
1265.4	8683.45
1265.6	8683.45
1265.8	8687.82
1266	8700.82
1266.2	8711.27
1266.4	8711.45
1266.6	8723.73
1266.8	8734.09
1267	8758.64
1267.2	8766.18
1267.4	8803.64
1267.6	8796.73
1267.8	8813.91
1268	8806.09
1268.2	8799.82
1268.4	8763.45
1268.6	8766.36
1268.8	8751.36
1269	8746.82
1269.2	8767
1269.4	8795.09
1269.6	8795.64
1269.8	8800.18
1270	8812.45
1270.2	8822.55
1270.4	8853.64
1270.6	8899.18
1270.8	8933.27
1271	8952.82
1271.2	8968.18
1271.4	8938.45
1271.6	8910.55
1271.8	8902.82
1272	8908.82
1272.2	8903.09
1272.4	8892.64
1272.6	8883.64
1272.8	8894.73
1273	8888.18
1273.2	8907.45
1273.4	8927.55
1273.6	8964
1273.8	8969
1274	8993.55
1274.2	9005.36
1274.4	9004.64
1274.6	9028.55
1274.8	9011.36
1275	8996.91
1275.2	8978.45
1275.4	8973.82
1275.6	8950.55
1275.8	8915.91
1276	8920.45
1276.2	8910.64
1276.4	8922.82
1276.6	8939.18
1276.8	8942.18
1277	8966.82
1277.2	8965.09
1277.4	8995
1277.6	8996.09
1277.8	9015.36
1278	9055.73
1278.2	9081.91
1278.4	9089
1278.6	9080.27
1278.8	9068.82
1279	9075.55
1279.2	9091.36
1279.4	9122.18
1279.6	9130
1279.8	9122.36
1280	9134
1280.2	9139.91
1280.4	9133.27
1280.6	9140.55
1280.8	9160
1281	9166.27
1281.2	9174.27
1281.4	9167.27
1281.6	9171.45
1281.8	9166.45
1282	9194.73
1282.2	9197.09
1282.4	9194.82
1282.6	9229.36
1282.8	9236.82
1283	9244
1283.2	9255.82
1283.4	9255.73
1283.6	9267
1283.8	9266.36
1284	9271.55
1284.2	9285.82
1284.4	9288
1284.6	9287.82
1284.8	9266.45
1285	9247.91
1285.2	9220.73
1285.4	9227.64
1285.6	9237.09
1285.8	9236
1286	9221.82
1286.2	9239.27
1286.4	9226.09
1286.6	9216.64
1286.8	9213.36
1287	9197
1287.2	9218.64
1287.4	9240.91
1287.6	9245
1287.8	9256.45
1288	9266.09
1288.2	9292.45
1288.4	9306.36
1288.6	9335.18
1288.8	9365.91
1289	9393.91
1289.2	9416.82
1289.4	9409.82
1289.6	9424.55
1289.8	9432.55
1290	9423.73
1290.2	9441.18
1290.4	9438.91
1290.6	9422.91
1290.8	9410.91
1291	9395.64
1291.2	9388.36
1291.4	9382.64
1291.6	9372.36
1291.8	9341.36
1292	9340.27
1292.2	9349.64
1292.4	9336.45
1292.6	9326.91
1292.8	9337.27
1293	9324.73
1293.2	9354.36
1293.4	9371
1293.6	9401.91
1293.8	9420.73
1294	9457.91
1294.2	9481.82
1294.4	9487.09
1294.6	9514.18
1294.8	9547.27
1295	9554.27
1295.2	9595.45
1295.4	9598.27
1295.6	9615.18
1295.8	9603.27
1296	9621.73
1296.2	9630.09
1296.4	9619.73
1296.6	9632.64
1296.8	9628.18
1297	9621.45
1297.2	9637.91
1297.4	9594.55
1297.6	9585.09
1297.8	9564.18
1298	9554.55
1298.2	9517.73
1298.4	9509.73
1298.6	9506.91
1298.8	9518.82
1299	9507.27
1299.2	9499.36
1299.4	9463.55
1299.6	9488.91
1299.8	9491.09
1300	9507.91
1300.2	9563.55
1300.4	9623.27
1300.6	9652.09
1300.8	9687
1301	9715.45
1301.2	9748.45
1301.4	9778.73
1301.6	9832.45
1301.8	9850.55
1302	9871.55
1302.2	9872.36
1302.4	9847.55
1302.6	9827.64
1302.8	9837.91
1303	9826.91
1303.2	9803.45
1303.4	9804.36
1303.6	9805.09
1303.8	9809.82
1304	9815.27
1304.2	9816.91
1304.4	9814.36
1304.6	9839
1304.8	9882.55
1305	9883.64
1305.2	9885.18
1305.4	9882.09
1305.6	9887.09
1305.8	9899
1306	9883.55
1306.2	9897.09
1306.4	9906.18
1306.6	9923
1306.8	9919.45
1307	9889.73
1307.2	9879.55
1307.4	9876.55
1307.6	9900.36
1307.8	9905.18
1308	9887.91
1308.2	9912
1308.4	9910
1308.6	9931.45
1308.8	9951.45
1309	9970.73
1309.2	10007.1
1309.4	10028.6
1309.6	10090.6
1309.8	10101.8
1310	10116.9
1310.2	10151.9
1310.4	10156.7
1310.6	10188.4
1310.8	10206.6
1311	10224.6
1311.2	10244
1311.4	10260.8
1311.6	10311
1311.8	10295.8
1312	10283.6
1312.2	10274.7
1312.4	10259.9
1312.6	10265
1312.8	10269.4
1313	10299.7
1313.2	10319.5
1313.4	10312.5
1313.6	10315.4
1313.8	10307.5
1314	10327.1
1314.2	10376.7
1314.4	10409.5
1314.6	10435.9
1314.8	10455.9
1315	10476
1315.2	10465.8
1315.4	10525.1
1315.6	10587.6
1315.8	10658.5
1316	10758.8
1316.2	10872.3
1316.4	10995.8
1316.6	11121.3
1316.8	11247.8
1317	11372.9
1317.2	11511.4
1317.4	11642.5
1317.6	11750.6
1317.8	11851.5
1318	11974.7
1318.2	12075.8
1318.4	12166.6
1318.6	12291.5
1318.8	12444.6
1319	12651.5
1319.2	12838
1319.4	13031.7
1319.6	13254.2
1319.8	13490.3
1320	13756.9
1320.2	13968.5
1320.4	14173.6
1320.6	14358.7
1320.8	14552.1
1321	14770.3
1321.2	14992.1
1321.4	15263.6
1321.6	15539.5
1321.8	15815.5
1322	16069.5
1322.2	16346.9
1322.4	16680.7
1322.6	17038.3
1322.8	17453.3
1323	17831.6
1323.2	18199.6
1323.4	18569.3
1323.6	18917
1323.8	19237.7
1324	19509.3
1324.2	19794.9
1324.4	20054.6
1324.6	20302.9
1324.8	20541.5
1325	20759.8
1325.2	20957.7
1325.4	21119.6
1325.6	21245.9
1325.8	21351.6
1326	21493.2
1326.2	21652.5
1326.4	21818.9
1326.6	21963.5
1326.8	22114.1
1327	22184.9
1327.2	22256.2
1327.4	22299.3
1327.6	22359.9
1327.8	22424.6
1328	22492.1
1328.2	22490.1
1328.4	22539
1328.6	22534.7
1328.8	22566.4
1329	22609.1
1329.2	22662.8
1329.4	22690.5
1329.6	22704.9
1329.8	22791.2
1330	22840.2
1330.2	22875.3
1330.4	22912.9
1330.6	22904.5
1330.8	22852.6
1331	22780.6
1331.2	22630.9
1331.4	22512.6
1331.6	22405.4
1331.8	22354.9
1332	22161.9
1332.2	21956.5
1332.4	21779.3
1332.6	21587.4
1332.8	21350.3
1333	21157.2
1333.2	20965
1333.4	20760.5
1333.6	20539.5
1333.8	20290.3
1334	20016.8
1334.2	19784.8
1334.4	19549.4
1334.6	19271.1
1334.8	18985.6
1335	18733.5
1335.2	18452.8
1335.4	18140.5
1335.6	17841.2
1335.8	17540.9
1336	17237
1336.2	16938.5
1336.4	16616.7
1336.6	16326.5
1336.8	16032.9
1337	15735.4
1337.2	15444.2
1337.4	15165.8
1337.6	14879.7
1337.8	14625.5
1338	14398.2
1338.2	14180.6
1338.4	13937.8
1338.6	13718.1
1338.8	13476.2
1339	13264.6
1339.2	13049.1
1339.4	12837.5
1339.6	12626.1
1339.8	12461.7
1340	12272
1340.2	12089.2
1340.4	11909.3
1340.6	11760.6
1340.8	11582.5
1341	11427.2
1341.2	11270.9
1341.4	11184
1341.6	11088.3
1341.8	11031.9
1342	10943.6
1342.2	10883.1
1342.4	10803.6
1342.6	10727.1
1342.8	10647.3
1343	10627.4
1343.2	10602.8
1343.4	10560.6
1343.6	10520.5
1343.8	10490.8
1344	10410
1344.2	10383.9
1344.4	10341.9
1344.6	10323.3
1344.8	10291.3
1345	10264
1345.2	10235.6
1345.4	10199.1
1345.6	10190.7
1345.8	10156.4
1346	10116.5
1346.2	10107.5
1346.4	10056.1
1346.6	10034.2
1346.8	9972.27
1347	9932.27
1347.2	9906.18
1347.4	9873.09
1347.6	9854.82
1347.8	9832.18
1348	9820.09
1348.2	9807.27
1348.4	9794.45
1348.6	9782.91
1348.8	9754.27
1349	9784.09
1349.2	9810
1349.4	9817.73
1349.6	9825.82
1349.8	9841.36
1350	9864.36
1350.2	9865.82
1350.4	9869.36
1350.6	9890.09
1350.8	9912.09
1351	9942.45
1351.2	9929.45
1351.4	9917.64
1351.6	9901.27
1351.8	9883.64
1352	9846.55
1352.2	9788.27
1352.4	9748
1352.6	9733
1352.8	9709.91
1353	9702.09
1353.2	9673.91
1353.4	9661.82
1353.6	9646
1353.8	9622.55
1354	9594.36
1354.2	9576
1354.4	9559.73
1354.6	9558.09
1354.8	9544.55
1355	9538.64
1355.2	9538.64
1355.4	9574.18
1355.6	9586
1355.8	9610.64
1356	9639.55
1356.2	9663.09
1356.4	9697.18
1356.6	9736.73
1356.8	9758.09
1357	9783.82
1357.2	9780.09
1357.4	9772.27
1357.6	9747.27
1357.8	9722.45
1358	9704
1358.2	9682.09
1358.4	9678.18
1358.6	9678.55
1358.8	9651.09
1359	9627.91
1359.2	9606.36
1359.4	9601.55
1359.6	9583.64
1359.8	9564.55
1360	9565.82
1360.2	9546
1360.4	9537.91
1360.6	9506.36
1360.8	9453.27
1361	9452.64
1361.2	9466.91
1361.4	9458.55
1361.6	9445.18
1361.8	9450.36
1362	9453.09
1362.2	9429.91
1362.4	9444.91
1362.6	9481.73
1362.8	9513.36
1363	9548.64
1363.2	9563.55
1363.4	9559.27
1363.6	9568.91
1363.8	9591.82
1364	9582.18
1364.2	9564.36
1364.4	9576.18
1364.6	9563.27
1364.8	9511.64
1365	9498.18
1365.2	9484.82
1365.4	9487.09
1365.6	9481.82
1365.8	9484.27
1366	9466.36
1366.2	9483.82
1366.4	9462.27
1366.6	9478.55
1366.8	9459
1367	9457.09
1367.2	9448.27
1367.4	9426
1367.6	9384.64
1367.8	9348.18
1368	9295.45
1368.2	9305.45
1368.4	9274.36
1368.6	9289.36
1368.8	9281.36
1369	9300.64
1369.2	9333.91
1369.4	9318.36
1369.6	9343.55
1369.8	9375.82
1370	9409.45
1370.2	9454.18
1370.4	9431.55
1370.6	9457.55
1370.8	9462.36
1371	9446.36
1371.2	9459.45
1371.4	9437.91
1371.6	9443.09
1371.8	9424.27
1372	9413.18
1372.2	9391.64
1372.4	9392.18
1372.6	9398.36
1372.8	9368.55
1373	9351.55
1373.2	9317.45
1373.4	9270.82
1373.6	9264.09
1373.8	9243.55
1374	9268
1374.2	9272.09
1374.4	9282.45
1374.6	9266.64
1374.8	9270.64
1375	9285.36
1375.2	9295.55
1375.4	9331.18
1375.6	9354.73
1375.8	9377.27
1376	9400.64
1376.2	9396.45
1376.4	9399.36
1376.6	9402.82
1376.8	9394.82
1377	9376.82
1377.2	9364.27
1377.4	9365.64
1377.6	9343.45
1377.8	9344.55
1378	9323.55
1378.2	9344
1378.4	9345.73
1378.6	9339.55
1378.8	9323.18
1379	9337.55
1379.2	9319.91
1379.4	9296.45
1379.6	9266.82
1379.8	9244.73
1380	9213.09
1380.2	9178.55
1380.4	9142.09
1380.6	9134.55
1380.8	9122.18
1381	9130.45
1381.2	9114.82
1381.4	9141.64
1381.6	9158.64
1381.8	9187.18
1382	9212.64
1382.2	9238.64
1382.4	9248.91
1382.6	9248.55
1382.8	9236.27
1383	9231.27
1383.2	9232.55
1383.4	9223.45
1383.6	9208.27
1383.8	9215.91
1384	9201.82
1384.2	9220.45
1384.4	9228.73
1384.6	9231.09
1384.8	9225
1385	9226.91
1385.2	9215.73
1385.4	9187.82
1385.6	9175.55
1385.8	9182.18
1386	9168.36
1386.2	9179.18
1386.4	9178.36
1386.6	9151.09
1386.8	9137.09
1387	9139.91
1387.2	9105.91
1387.4	9099.55
1387.6	9112.64
1387.8	9128.64
1388	9127.82
1388.2	9147.82
1388.4	9156.45
1388.6	9146.55
1388.8	9174.27
1389	9183.82
1389.2	9176
1389.4	9194.64
1389.6	9202.91
1389.8	9207.73
1390	9203.45
1390.2	9189
1390.4	9167.18
1390.6	9119.09
1390.8	9113
1391	9106.27
1391.2	9098.64
1391.4	9103.64
1391.6	9098.36
1391.8	9087.91
1392	9052.18
1392.2	9017.91
1392.4	8993.73
1392.6	8975.45
1392.8	8987.45
1393	8979.55
1393.2	8960.36
1393.4	8972.55
1393.6	8982.82
1393.8	8982.73
1394	8979.64
1394.2	9003.82
1394.4	9031.27
1394.6	9048.36
1394.8	9060.55
1395	9072
1395.2	9071.09
1395.4	9071.82
1395.6	9059.18
1395.8	9054.18
1396	9052.82
1396.2	9064.91
1396.4	9074.73
1396.6	9075.45
1396.8	9070.45
1397	9064
1397.2	9052.09
1397.4	9046.09
1397.6	9037.73
1397.8	9047.09
1398	9029.73
1398.2	9023.55
1398.4	9028.73
1398.6	9008.18
1398.8	9004.27
1399	9013.91
1399.2	9010.36
1399.4	9002.09
1399.6	8987.64
1399.8	8986.82
1400	8997.55
1400.2	9000.09
1400.4	9019.55
1400.6	9034.91
1400.8	9050.73
1401	9082.09
1401.2	9081.09
1401.4	9091.18
1401.6	9084.27
1401.8	9094
1402	9096.27
1402.2	9086.45
1402.4	9080.64
1402.6	9073.82
1402.8	9067.45
1403	9070.36
1403.2	9047.18
1403.4	9038.27
1403.6	9032.55
1403.8	9070.82
1404	9081.55
1404.2	9096.91
1404.4	9107.27
1404.6	9132.55
1404.8	9118.36
1405	9103.36
1405.2	9091.64
1405.4	9083.36
1405.6	9096.91
1405.8	9103.18
1406	9089.73
1406.2	9068.64
1406.4	9067.09
1406.6	9062.82
1406.8	9042.91
1407	9063.27
1407.2	9067.91
1407.4	9089.91
1407.6	9112.55
1407.8	9128.36
1408	9139.09
1408.2	9161.73
1408.4	9188.45
1408.6	9192.64
1408.8	9188.18
1409	9191.18
1409.2	9174.91
1409.4	9170.82
1409.6	9142.55
1409.8	9110.82
1410	9105
1410.2	9104.36
1410.4	9100.27
1410.6	9090.91
1410.8	9093
1411	9106.91
1411.2	9116.09
1411.4	9119.82
1411.6	9130
1411.8	9129.82
1412	9129.27
1412.2	9088.73
1412.4	9072.36
1412.6	9065
1412.8	9076.45
1413	9062.09
1413.2	9046.36
1413.4	9031
1413.6	9050.73
1413.8	9041.36
1414	9061.64
1414.2	9076
1414.4	9105.09
1414.6	9113.73
1414.8	9088.73
1415	9082.73
1415.2	9093.27
1415.4	9101.73
1415.6	9135.18
1415.8	9135.82
1416	9161.55
1416.2	9182.55
1416.4	9171.55
1416.6	9184
1416.8	9179.55
1417	9193.64
1417.2	9221.73
1417.4	9210.91
1417.6	9179.73
1417.8	9130.36
1418	9103.45
1418.2	9068
1418.4	9050.64
1418.6	9066.73
1418.8	9052
1419	9065.18
1419.2	9067.18
1419.4	9045.36
1419.6	9036.36
1419.8	9068.36
1420	9099.91
1420.2	9116
1420.4	9134.82
1420.6	9138.18
1420.8	9128.36
1421	9129.18
1421.2	9123.55
1421.4	9128.09
1421.6	9134.73
1421.8	9159.64
1422	9150
1422.2	9163.09
1422.4	9159.27
1422.6	9160.73
1422.8	9171.73
1423	9182
1423.2	9169.09
1423.4	9171.73
1423.6	9181.18
1423.8	9169.09
1424	9159.73
1424.2	9168.55
1424.4	9166.09
1424.6	9161
1424.8	9160.45
1425	9146.36
1425.2	9150.91
1425.4	9162.73
1425.6	9168.45
1425.8	9150.09
1426	9153.64
1426.2	9166.55
1426.4	9160.36
1426.6	9162
1426.8	9168.73
1427	9160
1427.2	9169.36
1427.4	9179.55
1427.6	9198.45
1427.8	9209.45
1428	9233.91
1428.2	9252.55
1428.4	9248.09
1428.6	9254.45
1428.8	9247.91
1429	9248
1429.2	9268.45
1429.4	9251.73
1429.6	9244.73
1429.8	9242.18
1430	9248.36
1430.2	9232
1430.4	9210.73
1430.6	9194.91
1430.8	9191.09
1431	9182
1431.2	9190.73
1431.4	9179.82
1431.6	9175.45
1431.8	9150.18
1432	9119.64
1432.2	9099.82
1432.4	9108
1432.6	9103.36
1432.8	9127.45
1433	9141.45
1433.2	9143.27
1433.4	9132.36
1433.6	9150.55
1433.8	9167.91
1434	9197.27
1434.2	9209.45
1434.4	9219.82
1434.6	9237.18
1434.8	9255.64
1435	9260.27
1435.2	9260.09
1435.4	9280.36
1435.6	9286.73
1435.8	9251.64
1436	9254.82
1436.2	9267.27
1436.4	9279.45
1436.6	9271.82
1436.8	9267.73
1437	9261.36
1437.2	9236.27
1437.4	9243.64
1437.6	9255
1437.8	9270.91
1438	9297
1438.2	9281.82
1438.4	9261.82
1438.6	9281.36
1438.8	9301.45
1439	9313.45
1439.2	9333.55
1439.4	9363.45
1439.6	9360.27
1439.8	9353.27
1440	9368
1440.2	9357.91
1440.4	9361.36
1440.6	9380.18
1440.8	9359.91
1441	9344.45
1441.2	9325.73
1441.4	9314.82
1441.6	9313.09
1441.8	9310.82
1442	9304.91
1442.2	9286.73
1442.4	9293.82
1442.6	9308
1442.8	9298.55
1443	9337.09
1443.2	9366.45
1443.4	9401.73
1443.6	9420.64
1443.8	9426.18
1444	9451.27
1444.2	9467.91
1444.4	9502.18
1444.6	9526.91
1444.8	9544.64
1445	9554
1445.2	9542.45
1445.4	9534.09
1445.6	9527.18
1445.8	9531.36
1446	9546.45
1446.2	9557.18
1446.4	9566.91
1446.6	9538.18
1446.8	9538.27
1447	9534.82
1447.2	9554.09
1447.4	9552.82
1447.6	9541.45
1447.8	9525.64
1448	9515
1448.2	9525.45
1448.4	9500.91
1448.6	9486.09
1448.8	9494.45
1449	9513.36
1449.2	9508.91
1449.4	9505.64
1449.6	9505.18
1449.8	9509.82
1450	9527
1450.2	9535.64
1450.4	9515.36
1450.6	9547
1450.8	9570.55
1451	9574.82
1451.2	9565
1451.4	9579.55
1451.6	9593.45
1451.8	9588.27
1452	9593.82
1452.2	9587.09
1452.4	9604.64
1452.6	9623.36
1452.8	9621.45
1453	9625.09
1453.2	9622
1453.4	9631.09
1453.6	9639.18
1453.8	9623.82
1454	9663.27
1454.2	9698.27
1454.4	9709.64
1454.6	9702.36
1454.8	9688
1455	9663.82
1455.2	9652.64
1455.4	9657.18
1455.6	9637.45
1455.8	9653.64
1456	9674.18
1456.2	9667.45
1456.4	9674.64
1456.6	9686.36
1456.8	9703.09
1457	9724
1457.2	9769.55
1457.4	9782.73
1457.6	9819.55
1457.8	9858.73
1458	9858.64
1458.2	9865
1458.4	9862.64
1458.6	9845.91
1458.8	9830.45
1459	9815.18
1459.2	9806.27
1459.4	9799.73
1459.6	9812.09
1459.8	9823.73
1460	9799.18
1460.2	9780.27
1460.4	9786.18
1460.6	9773.73
1460.8	9771.18
1461	9808.18
1461.2	9832.36
1461.4	9872.55
1461.6	9885.91
1461.8	9885.09
1462	9853.55
1462.2	9864.73
1462.4	9882.82
1462.6	9900.64
1462.8	9909.64
1463	9924
1463.2	9899.09
1463.4	9896.55
1463.6	9901.73
1463.8	9908.55
1464	9938.09
1464.2	9951.91
1464.4	9960
1464.6	9987.64
1464.8	9992
1465	10019.5
1465.2	10035.9
1465.4	10065
1465.6	10085.1
1465.8	10060.9
1466	10042.9
1466.2	10024.5
1466.4	10042
1466.6	10043.9
1466.8	10019.4
1467	10008.5
1467.2	10021.3
1467.4	10040.4
1467.6	10043.3
1467.8	10044.7
1468	10058.7
1468.2	10088.5
1468.4	10123.1
1468.6	10121.5
1468.8	10123.4
1469	10148.7
1469.2	10158.4
1469.4	10148.9
1469.6	10146.1
1469.8	10162.5
1470	10181.7
1470.2	10207.4
1470.4	10218.6
1470.6	10205.4
1470.8	10226.9
1471	10274.9
1471.2	10285.6
1471.4	10304.3
1471.6	10334
1471.8	10328.6
1472	10328.2
1472.2	10317.5
1472.4	10317.8
1472.6	10314
1472.8	10314.2
1473	10306.2
1473.2	10268.4
1473.4	10249.5
1473.6	10235.3
1473.8	10235.8
1474	10247
1474.2	10230.7
1474.4	10254.8
1474.6	10247.3
1474.8	10242.4
1475	10232
1475.2	10238
1475.4	10262.2
1475.6	10270.9
1475.8	10267.7
1476	10257.5
1476.2	10249.6
1476.4	10266.4
1476.6	10250.9
1476.8	10234
1477	10241.6
1477.2	10278.2
1477.4	10302.3
1477.6	10310.5
1477.8	10323
1478	10364.1
1478.2	10393.1
1478.4	10431.1
1478.6	10448.4
1478.8	10477.3
1479	10508.9
1479.2	10516
1479.4	10506.1
1479.6	10505.3
1479.8	10502.9
1480	10515.4
1480.2	10505.5
1480.4	10491.5
1480.6	10464.5
1480.8	10451.5
1481	10428.7
1481.2	10432.4
1481.4	10449
1481.6	10467.7
1481.8	10475.5
1482	10500.3
1482.2	10500.8
1482.4	10497.5
1482.6	10491
1482.8	10500.4
1483	10517
1483.2	10534.1
1483.4	10533.8
1483.6	10525.1
1483.8	10527.1
1484	10540.3
1484.2	10542.9
1484.4	10566.4
1484.6	10590.9
1484.8	10635.5
1485	10645
1485.2	10647.1
1485.4	10640.4
1485.6	10661.7
1485.8	10661.7
1486	10655.8
1486.2	10639.7
1486.4	10635.9
1486.6	10620.3
1486.8	10608.3
1487	10596.1
1487.2	10584.7
1487.4	10574.8
1487.6	10580.8
1487.8	10565.9
1488	10590.1
1488.2	10592.3
1488.4	10598.4
1488.6	10620
1488.8	10611.5
1489	10616.4
1489.2	10637.5
1489.4	10649.8
1489.6	10675
1489.8	10688.1
1490	10718.6
1490.2	10709.8
1490.4	10740.5
1490.6	10745.9
1490.8	10739.4
1491	10760
1491.2	10782.9
1491.4	10758.5
1491.6	10778.6
1491.8	10785
1492	10784.6
1492.2	10771.3
1492.4	10768.8
1492.6	10748.4
1492.8	10738.4
1493	10725.6
1493.2	10720.1
1493.4	10680.1
1493.6	10672.2
1493.8	10665.4
1494	10667.7
1494.2	10680.2
1494.4	10683.3
1494.6	10700.2
1494.8	10698.2
1495	10710.9
1495.2	10720.9
1495.4	10738.6
1495.6	10757.9
1495.8	10769.5
1496	10776.6
1496.2	10772.3
1496.4	10762.7
1496.6	10752.9
1496.8	10761.2
1497	10766.4
1497.2	10769.5
1497.4	10767.1
1497.6	10750
1497.8	10768.2
1498	10786.9
1498.2	10799.6
1498.4	10806.1
1498.6	10815
1498.8	10837.2
1499	10816.7
1499.2	10820.4
1499.4	10808.8
1499.6	10799.5
1499.8	10793.7
1500	10787.4
1500.2	10772.7
1500.4	10752.7
1500.6	10736.4
1500.8	10731.5
1501	10720.9
1501.2	10726.1
1501.4	10732.2
1501.6	10729
1501.8	10728
1502	10747.4
1502.2	10746.9
1502.4	10762.5
1502.6	10775.9
1502.8	10784.2
1503	10798.5
1503.2	10806.6
1503.4	10808.4
1503.6	10800.2
1503.8	10816
1504	10837.1
1504.2	10831.3
1504.4	10841.5
1504.6	10827.6
1504.8	10828.4
1505	10846.5
1505.2	10853.2
1505.4	10835.1
1505.6	10832.5
1505.8	10818.6
1506	10808.6
1506.2	10795.6
1506.4	10783.7
1506.6	10766.8
1506.8	10765.3
1507	10746.6
1507.2	10711.8
1507.4	10689.5
1507.6	10675.7
1507.8	10680.6
1508	10709.7
1508.2	10709.6
1508.4	10706.5
1508.6	10699.9
1508.8	10720.1
1509	10719.4
1509.2	10734.3
1509.4	10743.5
1509.6	10724.8
1509.8	10748
1510	10732.8
1510.2	10705.6
1510.4	10719.5
1510.6	10741
1510.8	10762.7
1511	10750.1
1511.2	10758.2
1511.4	10755.9
1511.6	10763.1
1511.8	10747.8
1512	10721.7
1512.2	10711.5
1512.4	10696.9
1512.6	10676.7
1512.8	10650
1513	10635.3
1513.2	10616.9
1513.4	10605.3
1513.6	10590.2
1513.8	10589.3
1514	10612.3
1514.2	10631.8
1514.4	10668
1514.6	10679.4
1514.8	10697.7
1515	10703.6
1515.2	10729.4
1515.4	10735.3
1515.6	10737.1
1515.8	10733.8
1516	10745.2
1516.2	10752.6
1516.4	10746.8
1516.6	10748.5
1516.8	10753.5
1517	10747.7
1517.2	10776.3
1517.4	10770.4
1517.6	10774.5
1517.8	10783.3
1518	10786.3
1518.2	10777.9
1518.4	10772
1518.6	10784.6
1518.8	10740.5
1519	10752.9
1519.2	10748.3
1519.4	10705.7
1519.6	10686
1519.8	10676.4
1520	10655.7
1520.2	10655.9
1520.4	10661.8
1520.6	10681.5
1520.8	10651.4
1521	10675.6
1521.2	10660.7
1521.4	10671.1
1521.6	10694.7
1521.8	10715.5
1522	10707.2
1522.2	10722.6
1522.4	10748
1522.6	10764.1
1522.8	10747.8
1523	10770.3
1523.2	10762.4
1523.4	10796.7
1523.6	10788.1
1523.8	10787.9
1524	10783.3
1524.2	10816.8
1524.4	10821.4
1524.6	10792.5
1524.8	10763.1
1525	10761.7
1525.2	10775.1
1525.4	10802
1525.6	10790.5
1525.8	10807.5
1526	10806.4
1526.2	10799.5
1526.4	10791
1526.6	10764.7
1526.8	10765.5
1527	10787.5
1527.2	10814.4
1527.4	10811
1527.6	10819.5
1527.8	10827.5
1528	10826.1
1528.2	10832
1528.4	10843.3
1528.6	10847.8
1528.8	10868.1
1529	10906.7
1529.2	10908.5
1529.4	10887.1
1529.6	10892.7
1529.8	10880.1
1530	10861.5
1530.2	10873.7
1530.4	10879.8
1530.6	10904.3
1530.8	10905.3
1531	10905.9
1531.2	10885
1531.4	10859.2
1531.6	10865.1
1531.8	10856
1532	10862.5
1532.2	10870.8
1532.4	10852.1
1532.6	10851.4
1532.8	10834.1
1533	10806.6
1533.2	10802.6
1533.4	10796.8
1533.6	10791.5
1533.8	10792.4
1534	10795.5
1534.2	10774.3
1534.4	10787.9
1534.6	10781.5
1534.8	10770.9
1535	10747.4
1535.2	10768.2
1535.4	10760.2
1535.6	10759.5
1535.8	10789.3
1536	10805.5
1536.2	10837.8
1536.4	10853.1
1536.6	10847.5
1536.8	10874.4
1537	10886.9
1537.2	10906.4
1537.4	10909.4
1537.6	10935
1537.8	10945.3
1538	10937
1538.2	10918.5
1538.4	10861.8
1538.6	10843.3
1538.8	10836.3
1539	10825.5
1539.2	10820.9
1539.4	10805.7
1539.6	10803.3
1539.8	10792
1540	10783.6
1540.2	10774
1540.4	10763.5
1540.6	10780.7
1540.8	10803.5
1541	10806.2
1541.2	10799.8
1541.4	10806.5
1541.6	10811.5
1541.8	10800.5
1542	10786
1542.2	10793.5
1542.4	10806.7
1542.6	10823.6
1542.8	10836.6
1543	10834.4
1543.2	10846.4
1543.4	10824.1
1543.6	10830.4
1543.8	10818.8
1544	10827.6
1544.2	10857.9
1544.4	10859.6
1544.6	10855.2
1544.8	10826.7
1545	10814.4
1545.2	10800.4
1545.4	10775.9
1545.6	10787.4
1545.8	10757.8
1546	10758.5
1546.2	10764.1
1546.4	10756.4
1546.6	10751.2
1546.8	10755.3
1547	10775.2
1547.2	10771.7
1547.4	10764.4
1547.6	10767.8
1547.8	10767.3
1548	10769.8
1548.2	10763.6
1548.4	10743.5
1548.6	10728.5
1548.8	10728.7
1549	10705.2
1549.2	10704.3
1549.4	10689.2
1549.6	10678.5
1549.8	10674.4
1550	10645.5
1550.2	10635.2
1550.4	10646.6
1550.6	10638.5
1550.8	10659.9
1551	10663.5
1551.2	10666.8
1551.4	10672.9
1551.6	10668.6
1551.8	10666.1
1552	10634.2
1552.2	10651.7
1552.4	10648
1552.6	10635.7
1552.8	10632.4
1553	10593.5
1553.2	10563.3
1553.4	10570.5
1553.6	10549.3
1553.8	10573.3
1554	10592.6
1554.2	10611.9
1554.4	10607.9
1554.6	10621.7
1554.8	10645.1
1555	10652.7
1555.2	10659.5
1555.4	10687
1555.6	10667.1
1555.8	10667.6
1556	10661
1556.2	10655
1556.4	10642.2
1556.6	10659.5
1556.8	10636.5
1557	10606.4
1557.2	10598.2
1557.4	10571.5
1557.6	10542.6
1557.8	10544.1
1558	10500.3
1558.2	10477.5
1558.4	10453.9
1558.6	10453.1
1558.8	10420.2
1559	10418.4
1559.2	10424.7
1559.4	10419
1559.6	10430.8
1559.8	10420.3
1560	10435.8
1560.2	10468.3
1560.4	10467.7
1560.6	10461.4
1560.8	10450.1
1561	10450.9
1561.2	10452.2
1561.4	10452.7
1561.6	10483
1561.8	10486.9
1562	10493.6
1562.2	10491.7
1562.4	10493.9
1562.6	10492.2
1562.8	10494.1
1563	10514.9
1563.2	10522.4
1563.4	10494.1
1563.6	10473.5
1563.8	10452.7
1564	10431.1
1564.2	10402.4
1564.4	10373
1564.6	10369.5
1564.8	10349.2
1565	10319.8
1565.2	10275
1565.4	10239.5
1565.6	10224.7
1565.8	10189.1
1566	10141.9
1566.2	10141.1
1566.4	10118.7
1566.6	10107.5
1566.8	10094.1
1567	10093.1
1567.2	10110.4
1567.4	10120.8
1567.6	10123.3
1567.8	10117.3
1568	10130.3
1568.2	10145.2
1568.4	10136.5
1568.6	10166.2
1568.8	10180.8
1569	10182.4
1569.2	10174.6
1569.4	10153.7
1569.6	10139.7
1569.8	10133.5
1570	10136.5
1570.2	10119.8
1570.4	10097.9
1570.6	10079
1570.8	10067
1571	10034.4
1571.2	10000.1
1571.4	9983.64
1571.6	9984.27
1571.8	9974.73
1572	9954.36
1572.2	9943.18
1572.4	9952.09
1572.6	9937.55
1572.8	9912.09
1573	9862.82
1573.2	9827
1573.4	9800.45
1573.6	9793.36
1573.8	9787.09
1574	9781.91
1574.2	9771.82
1574.4	9766.91
1574.6	9741.09
1574.8	9747
1575	9782.82
1575.2	9818
1575.4	9837.18
1575.6	9849.18
1575.8	9846.82
1576	9824.36
1576.2	9817.64
1576.4	9855
1576.6	9865.45
1576.8	9876.64
1577	9870
1577.2	9848.91
1577.4	9830
1577.6	9816.55
1577.8	9808.91
1578	9812.55
1578.2	9848.82
1578.4	9846.18
1578.6	9796.18
1578.8	9777.91
1579	9752.64
1579.2	9724
1579.4	9682.36
1579.6	9670.45
1579.8	9651.55
1580	9655
1580.2	9629.27
1580.4	9584.09
1580.6	9586
1580.8	9596.73
1581	9579.36
1581.2	9581
1581.4	9614.18
1581.6	9628.27
1581.8	9637.91
1582	9631.36
1582.2	9609.82
1582.4	9602.36
1582.6	9608
1582.8	9583.73
1583	9584.91
1583.2	9599.73
1583.4	9598.91
1583.6	9573
1583.8	9566.91
1584	9554.55
1584.2	9567.73
1584.4	9559.27
1584.6	9556.73
1584.8	9532.36
1585	9528.27
1585.2	9524.64
1585.4	9521.18
1585.6	9512.09
1585.8	9517.55
1586	9534.27
1586.2	9517.55
1586.4	9496
1586.6	9504.64
1586.8	9473.45
1587	9466.73
1587.2	9473.91
1587.4	9453.91
1587.6	9429.55
1587.8	9420.73
1588	9404.45
1588.2	9367.45
1588.4	9358.09
1588.6	9360.45
1588.8	9348.27
1589	9373.55
1589.2	9379.64
1589.4	9374.36
1589.6	9383
1589.8	9400.64
1590	9408.27
1590.2	9408.45
1590.4	9442.18
1590.6	9455.91
1590.8	9465
1591	9489.82
1591.2	9505.45
1591.4	9520.82
1591.6	9509.18
1591.8	9489.55
1592	9473.64
1592.2	9469.27
1592.4	9461.09
1592.6	9449.64
1592.8	9438.64
1593	9438.27
1593.2	9406.36
1593.4	9391.55
1593.6	9378.27
1593.8	9385.45
1594	9388.64
1594.2	9385
1594.4	9384.09
1594.6	9360.91
1594.8	9330
1595	9317.91
1595.2	9280.27
1595.4	9283.73
1595.6	9252.45
1595.8	9251.55
1596	9258.91
1596.2	9260.55
1596.4	9260.09
1596.6	9238.64
1596.8	9244.27
1597	9275.18
1597.2	9284.73
1597.4	9306.82
1597.6	9304.73
1597.8	9332.73
1598	9329
1598.2	9293.27
1598.4	9258.73
1598.6	9242.27
1598.8	9229.91
1599	9226.09
1599.2	9199.18
1599.4	9200.82
1599.6	9181.55
1599.8	9146.55
1600	9125.45
1600.2	9096.64
1600.4	9113
1600.6	9129
1600.8	9131.09
1601	9132
1601.2	9144.27
1601.4	9118.27
1601.6	9083.09
1601.8	9088.73
1602	9100.64
1602.2	9097.91
1602.4	9104.91
1602.6	9098.36
1602.8	9087.18
1603	9092.09
1603.2	9103
1603.4	9101.73
1603.6	9126.36
1603.8	9148.36
1604	9143.18
1604.2	9158.18
1604.4	9176.55
1604.6	9186.55
1604.8	9170.45
1605	9179.09
1605.2	9157.73
1605.4	9147
1605.6	9142.64
1605.8	9137.82
1606	9118.27
1606.2	9133.27
1606.4	9102.45
1606.6	9083.73
1606.8	9062
1607	9046.36
1607.2	9015.64
1607.4	9004.73
1607.6	8975.91
1607.8	8961.82
1608	8957.36
1608.2	8954.18
1608.4	8913.91
1608.6	8910.27
1608.8	8894.27
1609	8893.55
1609.2	8903.18
1609.4	8913.91
1609.6	8920.73
1609.8	8956.36
1610	8961.09
1610.2	8959.09
1610.4	8965.64
1610.6	8986.09
1610.8	8986.45
1611	8996.36
1611.2	9000.64
1611.4	9003.18
1611.6	9006.18
1611.8	9001.18
1612	8988.27
1612.2	8975.18
1612.4	8944.55
1612.6	8920.91
1612.8	8897.91
1613	8873.91
1613.2	8861.91
1613.4	8835.36
1613.6	8819.27
1613.8	8810.36
1614	8823
1614.2	8823.18
1614.4	8826.73
1614.6	8836.91
1614.8	8849.82
1615	8860.55
1615.2	8883.73
1615.4	8876.73
1615.6	8883.55
1615.8	8884.18
1616	8884.27
1616.2	8871.09
1616.4	8847.09
1616.6	8847.27
1616.8	8828.91
1617	8835.45
1617.2	8842.45
1617.4	8834.36
1617.6	8840.82
1617.8	8826.18
1618	8829
1618.2	8815.91
1618.4	8795.64
1618.6	8791.55
1618.8	8760.27
1619	8766.45
1619.2	8733.73
1619.4	8700.55
1619.6	8680.45
1619.8	8655.73
1620	8652.18
1620.2	8657.09
1620.4	8662.45
1620.6	8664.36
1620.8	8668.91
1621	8670.73
1621.2	8679.82
1621.4	8699.45
1621.6	8701.82
1621.8	8706.73
1622	8715.64
1622.2	8734.55
1622.4	8722
1622.6	8730.55
1622.8	8736.18
1623	8728.45
1623.2	8724
1623.4	8710.82
1623.6	8704.64
1623.8	8718.18
1624	8720.55
1624.2	8717.27
1624.4	8711.55
1624.6	8688.36
1624.8	8655.91
1625	8622.09
1625.2	8605.73
1625.4	8585.82
1625.6	8577.91
1625.8	8557.45
1626	8535.45
1626.2	8524
1626.4	8506.45
1626.6	8483.55
1626.8	8471.73
1627	8471.18
1627.2	8492.36
1627.4	8509.55
1627.6	8529.91
1627.8	8541.91
1628	8560.09
1628.2	8563.82
1628.4	8570.45
1628.6	8565.18
1628.8	8557.64
1629	8568.09
1629.2	8570.27
1629.4	8567.45
1629.6	8562.73
1629.8	8547.91
1630	8532
1630.2	8535.91
1630.4	8535.09
1630.6	8532.73
1630.8	8529.27
1631	8537.73
1631.2	8523.27
1631.4	8504.27
1631.6	8493.55
1631.8	8484.36
1632	8492.36
1632.2	8480.36
1632.4	8437.55
1632.6	8428.64
1632.8	8413.73
1633	8408.82
1633.2	8403
1633.4	8398.91
1633.6	8402.09
1633.8	8406.45
1634	8397.73
1634.2	8401
1634.4	8419.27
1634.6	8436.09
1634.8	8418.91
1635	8407.82
1635.2	8415.09
1635.4	8398.45
1635.6	8386.55
1635.8	8389.09
1636	8367.82
1636.2	8361.45
1636.4	8345.36
1636.6	8325.73
1636.8	8330
1637	8339.55
1637.2	8330.82
1637.4	8311.18
1637.6	8303.36
1637.8	8316.82
1638	8308.91
1638.2	8316.27
1638.4	8318.55
1638.6	8303.73
1638.8	8280
1639	8251.64
1639.2	8239.36
1639.4	8250.27
1639.6	8266.27
1639.8	8295.91
1640	8296.82
1640.2	8310.09
1640.4	8305.09
1640.6	8299.36
1640.8	8310.18
1641	8340.45
1641.2	8339.91
1641.4	8354.91
1641.6	8354
1641.8	8349.45
1642	8335.73
1642.2	8329.36
1642.4	8330.73
1642.6	8334.73
1642.8	8339.09
1643	8323.27
1643.2	8312.82
1643.4	8326.27
1643.6	8311.45
1643.8	8316.91
1644	8304.45
1644.2	8304.18
1644.4	8297.73
1644.6	8289
1644.8	8289
1645	8282.91
1645.2	8247.36
1645.4	8225.36
1645.6	8212.73
1645.8	8221.36
1646	8218.55
1646.2	8218.18
1646.4	8205.91
1646.6	8219.55
1646.8	8212.36
1647	8227
1647.2	8226.55
1647.4	8267.36
1647.6	8272.73
1647.8	8270
1648	8275.64
1648.2	8270.64
1648.4	8277.45
1648.6	8282.55
1648.8	8275.45
1649	8275.55
1649.2	8247.09
1649.4	8257
1649.6	8253
1649.8	8263
1650	8285.27
1650.2	8267.82
1650.4	8263.36
1650.6	8247.55
1650.8	8245.09
1651	8225.09
1651.2	8209.45
1651.4	8212.82
1651.6	8196.91
1651.8	8189.55
1652	8176.91
1652.2	8143.27
1652.4	8135.82
1652.6	8129.64
1652.8	8141.27
1653	8131.64
1653.2	8147.91
1653.4	8166.27
1653.6	8186.36
1653.8	8188.27
1654	8191.45
1654.2	8193.45
1654.4	8187.18
1654.6	8218.73
1654.8	8230.64
1655	8223.82
1655.2	8238.73
1655.4	8243.09
1655.6	8233.36
1655.8	8211.91
1656	8193
1656.2	8190.82
1656.4	8202.73
1656.6	8228.64
1656.8	8210.82
1657	8207
1657.2	8203.45
1657.4	8192.73
1657.6	8183.36
1657.8	8179.36
1658	8182.27
1658.2	8184.09
1658.4	8189.82
1658.6	8185.73
1658.8	8182.27
1659	8170.64
1659.2	8163.09
1659.4	8162.45
1659.6	8142.36
1659.8	8142.82
1660	8154.45
1660.2	8132.36
1660.4	8140.73
1660.6	8134.55
1660.8	8121.64
1661	8088.91
1661.2	8088.64
1661.4	8099.91
1661.6	8098.27
1661.8	8119.82
1662	8134.64
1662.2	8124.45
1662.4	8134.36
1662.6	8142.09
1662.8	8125.45
1663	8140
1663.2	8174.55
1663.4	8167.55
1663.6	8154.18
1663.8	8166.82
1664	8159.45
1664.2	8172.27
1664.4	8192.55
1664.6	8210.45
1664.8	8200.73
1665	8238.73
1665.2	8237.73
1665.4	8243.73
1665.6	8237.82
1665.8	8245
1666	8230
1666.2	8240
1666.4	8203.73
1666.6	8200.09
1666.8	8205.55
1667	8211.64
1667.2	8200.73
1667.4	8202.36
1667.6	8182.09
1667.8	8186.36
1668	8151.18
1668.2	8165.91
1668.4	8138.73
1668.6	8138.45
1668.8	8123.09
1669	8101.09
1669.2	8113.36
1669.4	8133.55
1669.6	8157.18
1669.8	8162.82
1670	8178.18
1670.2	8218.82
1670.4	8222.18
1670.6	8231.09
1670.8	8238.64
1671	8238.82
1671.2	8250.27
1671.4	8252.91
1671.6	8229
1671.8	8203.73
1672	8209.82
1672.2	8206.91
1672.4	8216.82
1672.6	8211
1672.8	8224.09
1673	8232.45
1673.2	8241.64
1673.4	8218.55
1673.6	8195.64
1673.8	8184.73
1674	8163.73
1674.2	8148.09
1674.4	8136.18
1674.6	8116.36
1674.8	8107.45
1675	8095.73
1675.2	8081.27
1675.4	8054.82
1675.6	8069.73
1675.8	8071.91
1676	8093.45
1676.2	8103.18
1676.4	8112.36
1676.6	8118.82
1676.8	8117.91
1677	8121
1677.2	8108.36
1677.4	8122
1677.6	8145.82
1677.8	8158.82
1678	8170.73
1678.2	8181.82
1678.4	8181.82
1678.6	8203.18
1678.8	8207.91
1679	8233.45
1679.2	8238.82
1679.4	8259.91
1679.6	8249.27
1679.8	8237.09
1680	8211.18
1680.2	8181.82
1680.4	8145
1680.6	8137.82
1680.8	8106
1681	8122
1681.2	8108
1681.4	8106.55
1681.6	8092.45
1681.8	8080.27
1682	8090.55
1682.2	8107.45
1682.4	8113.36
1682.6	8123.82
1682.8	8123.64
1683	8138.64
1683.2	8125.45
1683.4	8123.55
1683.6	8134.09
1683.8	8160.36
1684	8184.91
1684.2	8186.45
1684.4	8192.91
1684.6	8221.45
1684.8	8222.64
1685	8244.82
1685.2	8246.73
1685.4	8251.55
1685.6	8242.18
1685.8	8226
1686	8208.73
1686.2	8187.27
1686.4	8191
1686.6	8183.64
1686.8	8172.91
1687	8175.73
1687.2	8165.36
1687.4	8166.82
1687.6	8146.91
1687.8	8132.73
1688	8110.09
1688.2	8081.82
1688.4	8103
1688.6	8084.73
1688.8	8081.64
1689	8085.36
1689.2	8085.91
1689.4	8096.73
1689.6	8094.45
1689.8	8103.64
1690	8123
1690.2	8157.36
1690.4	8202.45
1690.6	8208.73
1690.8	8222.36
1691	8230.27
1691.2	8241.82
1691.4	8247.55
1691.6	8240.09
1691.8	8255.36
1692	8250.27
1692.2	8264.45
1692.4	8248.64
1692.6	8242.27
1692.8	8224.18
1693	8205
1693.2	8197.82
1693.4	8160.36
1693.6	8159.73
1693.8	8164.82
1694	8153.91
1694.2	8165.82
1694.4	8151.09
1694.6	8157.45
1694.8	8161.73
1695	8163.09
1695.2	8163.73
1695.4	8158.55
1695.6	8179.09
1695.8	8169.27
1696	8143.45
1696.2	8142.18
1696.4	8140.27
1696.6	8141.27
1696.8	8142.09
1697	8154.64
1697.2	8170.64
1697.4	8192.91
1697.6	8205.73
1697.8	8217.18
1698	8224.91
1698.2	8233.09
1698.4	8233
1698.6	8224.09
1698.8	8220.73
1699	8213.09
1699.2	8183.36
1699.4	8158.91
1699.6	8138.73
1699.8	8121.09
1700	8100.18
