1000	5790
1000.2	6042
1000.4	6003
1000.6	5951
1000.8	5940
1001	6003
1001.2	5812
1001.4	5890
1001.6	5943
1001.8	5817
1002	5906
1002.2	6026
1002.4	5834
1002.6	5816
1002.8	5889
1003	5887
1003.2	5786
1003.4	5893
1003.6	5956
1003.8	5786
1004	5859
1004.2	5768
1004.4	5859
1004.6	5940
1004.8	5828
1005	5903
1005.2	5882
1005.4	5940
1005.6	5919
1005.8	5908
1006	5949
1006.2	5822
1006.4	5687
1006.6	5888
1006.8	6083
1007	5736
1007.2	5842
1007.4	5852
1007.6	5880
1007.8	5830
1008	6012
1008.2	5972
1008.4	5894
1008.6	5689
1008.8	5782
1009	5787
1009.2	5715
1009.4	5867
1009.6	5916
1009.8	5879
1010	5899
1010.2	6023
1010.4	5859
1010.6	5981
1010.8	6016
1011	6080
1011.2	5849
1011.4	5816
1011.6	5940
1011.8	5842
1012	5932
1012.2	5997
1012.4	5798
1012.6	5755
1012.8	5911
1013	5845
1013.2	5962
1013.4	5779
1013.6	5834
1013.8	5942
1014	5853
1014.2	5877
1014.4	5911
1014.6	6020
1014.8	5787
1015	5939
1015.2	6041
1015.4	5932
1015.6	5970
1015.8	5873
1016	5976
1016.2	5745
1016.4	5895
1016.6	5904
1016.8	6005
1017	5993
1017.2	5947
1017.4	5919
1017.6	5901
1017.8	5820
1018	5946
1018.2	5949
1018.4	6009
1018.6	5844
1018.8	5973
1019	5799
1019.2	5779
1019.4	5952
1019.6	5977
1019.8	5907
1020	5945
1020.2	5893
1020.4	5940
1020.6	5949
1020.8	5847
1021	5862
1021.2	5878
1021.4	5947
1021.6	5979
1021.8	5841
1022	6099
1022.2	6106
1022.4	6056
1022.6	6077
1022.8	6046
1023	5931
1023.2	6076
1023.4	5997
1023.6	6044
1023.8	5926
1024	6049
1024.2	5955
1024.4	5937
1024.6	5941
1024.8	5973
1025	5882
1025.2	5902
1025.4	5757
1025.6	5830
1025.8	5927
1026	6018
1026.2	5931
1026.4	6102
1026.6	5876
1026.8	6007
1027	6050
1027.2	5898
1027.4	5974
1027.6	5842
1027.8	5874
1028	5740
1028.2	5821
1028.4	6000
1028.6	5994
1028.8	5929
1029	5827
1029.2	5981
1029.4	5828
1029.6	5971
1029.8	6026
1030	6088
1030.2	5986
1030.4	5827
1030.6	5833
1030.8	5987
1031	6002
1031.2	6146
1031.4	5996
1031.6	5970
1031.8	6048
1032	5965
1032.2	5875
1032.4	5907
1032.6	6118
1032.8	6050
1033	6123
1033.2	5995
1033.4	5946
1033.6	6042
1033.8	6045
1034	6186
1034.2	6262
1034.4	6091
1034.6	5991
1034.8	6032
1035	6066
1035.2	5978
1035.4	6046
1035.6	6053
1035.8	6027
1036	6182
1036.2	6081
1036.4	6017
1036.6	5927
1036.8	6097
1037	6062
1037.2	5937
1037.4	6163
1037.6	6075
1037.8	6052
1038	6119
1038.2	6194
1038.4	5900
1038.6	6118
1038.8	6158
1039	6078
1039.2	6162
1039.4	6140
1039.6	6021
1039.8	6016
1040	6023
1040.2	5919
1040.4	5999
1040.6	6139
1040.8	6024
1041	6221
1041.2	6216
1041.4	6113
1041.6	6049
1041.8	6062
1042	5927
1042.2	6038
1042.4	6200
1042.6	6017
1042.8	6030
1043	6063
1043.2	6022
1043.4	6080
1043.6	6054
1043.8	6042
1044	6150
1044.2	6143
1044.4	6194
1044.6	6067
1044.8	6056
1045	6117
1045.2	6071
1045.4	6050
1045.6	6039
1045.8	6107
1046	6060
1046.2	6100
1046.4	6010
1046.6	6015
1046.8	5896
1047	6081
1047.2	6295
1047.4	6086
1047.6	6053
1047.8	6083
1048	6021
1048.2	6090
1048.4	6270
1048.6	6212
1048.8	6112
1049	6110
1049.2	6231
1049.4	6220
1049.6	5958
1049.8	6127
1050	6059
1050.2	6240
1050.4	6242
1050.6	6072
1050.8	5984
1051	5996
1051.2	6138
1051.4	6064
1051.6	5946
1051.8	6061
1052	6046
1052.2	6138
1052.4	6217
1052.6	6057
1052.8	6106
1053	6094
1053.2	6052
1053.4	6163
1053.6	6372
1053.8	6072
1054	6302
1054.2	6181
1054.4	6017
1054.6	6154
1054.8	6147
1055	6127
1055.2	6149
1055.4	6085
1055.6	6081
1055.8	6197
1056	6158
1056.2	6047
1056.4	6183
1056.6	6280
1056.8	6205
1057	6092
1057.2	6123
1057.4	6150
1057.6	6337
1057.8	6162
1058	5980
1058.2	6198
1058.4	6236
1058.6	6236
1058.8	6267
1059	6227
1059.2	6055
1059.4	6122
1059.6	6195
1059.8	6341
1060	6225
1060.2	6167
1060.4	6315
1060.6	6244
1060.8	6209
1061	6293
1061.2	6260
1061.4	6361
1061.6	6158
1061.8	6291
1062	6193
1062.2	6213
1062.4	6115
1062.6	6092
1062.8	6087
1063	6250
1063.2	6259
1063.4	6259
1063.6	6108
1063.8	6226
1064	6044
1064.2	6355
1064.4	6123
1064.6	6164
1064.8	6229
1065	6214
1065.2	6247
1065.4	6127
1065.6	6207
1065.8	6252
1066	6239
1066.2	6110
1066.4	6200
1066.6	6219
1066.8	6135
1067	6207
1067.2	6167
1067.4	6174
1067.6	6218
1067.8	6318
1068	6335
1068.2	6328
1068.4	6299
1068.6	6218
1068.8	6376
1069	6299
1069.2	6272
1069.4	6465
1069.6	6191
1069.8	6295
1070	6246
1070.2	6379
1070.4	6272
1070.6	6397
1070.8	6380
1071	6318
1071.2	6265
1071.4	6284
1071.6	6251
1071.8	6358
1072	6282
1072.2	6159
1072.4	6315
1072.6	6244
1072.8	6373
1073	6294
1073.2	6342
1073.4	6327
1073.6	6271
1073.8	6281
1074	6248
1074.2	6255
1074.4	6201
1074.6	5989
1074.8	6167
1075	6326
1075.2	6340
1075.4	6355
1075.6	6392
1075.8	6324
1076	6474
1076.2	6329
1076.4	6243
1076.6	6346
1076.8	6321
1077	6263
1077.2	6420
1077.4	6277
1077.6	6360
1077.8	6327
1078	6285
1078.2	6265
1078.4	6408
1078.6	6475
1078.8	6184
1079	6396
1079.2	6202
1079.4	6156
1079.6	6317
1079.8	6411
1080	6442
1080.2	6455
1080.4	6334
1080.6	6277
1080.8	6167
1081	6305
1081.2	6257
1081.4	6504
1081.6	6360
1081.8	6353
1082	6352
1082.2	6474
1082.4	6319
1082.6	6469
1082.8	6430
1083	6634
1083.2	6356
1083.4	6417
1083.6	6497
1083.8	6339
1084	6315
1084.2	6306
1084.4	6310
1084.6	6293
1084.8	6327
1085	6307
1085.2	6314
1085.4	6363
1085.6	6389
1085.8	6343
1086	6285
1086.2	6280
1086.4	6262
1086.6	6491
1086.8	6323
1087	6453
1087.2	6244
1087.4	6311
1087.6	6357
1087.8	6401
1088	6394
1088.2	6416
1088.4	6530
1088.6	6392
1088.8	6456
1089	6267
1089.2	6208
1089.4	6469
1089.6	6333
1089.8	6249
1090	6310
1090.2	6309
1090.4	6285
1090.6	6287
1090.8	6386
1091	6494
1091.2	6416
1091.4	6372
1091.6	6377
1091.8	6446
1092	6425
1092.2	6431
1092.4	6612
1092.6	6462
1092.8	6442
1093	6527
1093.2	6386
1093.4	6562
1093.6	6408
1093.8	6582
1094	6559
1094.2	6569
1094.4	6646
1094.6	6493
1094.8	6556
1095	6583
1095.2	6478
1095.4	6572
1095.6	6400
1095.8	6460
1096	6425
1096.2	6596
1096.4	6504
1096.6	6515
1096.8	6501
1097	6454
1097.2	6473
1097.4	6264
1097.6	6414
1097.8	6347
1098	6413
1098.2	6337
1098.4	6289
1098.6	6521
1098.8	6634
1099	6437
1099.2	6679
1099.4	6482
1099.6	6535
1099.8	6557
1100	6649
1100.2	6609
1100.4	6633
1100.6	6754
1100.8	6530
1101	6500
1101.2	6740
1101.4	6446
1101.6	6588
1101.8	6531
1102	6475
1102.2	6573
1102.4	6514
1102.6	6653
1102.8	6538
1103	6568
1103.2	6530
1103.4	6627
1103.6	6440
1103.8	6522
1104	6391
1104.2	6422
1104.4	6378
1104.6	6546
1104.8	6457
1105	6407
1105.2	6498
1105.4	6461
1105.6	6572
1105.8	6298
1106	6532
1106.2	6511
1106.4	6593
1106.6	6502
1106.8	6452
1107	6619
1107.2	6554
1107.4	6534
1107.6	6588
1107.8	6597
1108	6636
1108.2	6677
1108.4	6665
1108.6	6658
1108.8	6626
1109	6607
1109.2	6606
1109.4	6622
1109.6	6850
1109.8	6394
1110	6725
1110.2	6497
1110.4	6457
1110.6	6658
1110.8	6596
1111	6654
1111.2	6551
1111.4	6636
1111.6	6679
1111.8	6632
1112	6608
1112.2	6635
1112.4	6521
1112.6	6583
1112.8	6623
1113	6802
1113.2	6944
1113.4	6978
1113.6	6861
1113.8	6975
1114	7076
1114.2	7001
1114.4	7016
1114.6	6847
1114.8	7089
1115	6974
1115.2	7070
1115.4	7053
1115.6	7203
1115.8	7101
1116	7120
1116.2	7079
1116.4	7112
1116.6	7276
1116.8	7117
1117	7092
1117.2	7157
1117.4	7168
1117.6	7194
1117.8	7115
1118	7244
1118.2	7130
1118.4	7310
1118.6	7318
1118.8	7308
1119	7231
1119.2	7416
1119.4	7257
1119.6	7229
1119.8	7472
1120	7637
1120.2	7529
1120.4	7467
1120.6	7587
1120.8	7606
1121	7706
1121.2	7721
1121.4	7658
1121.6	7659
1121.8	7625
1122	7804
1122.2	7684
1122.4	7815
1122.6	7571
1122.8	7660
1123	7479
1123.2	7636
1123.4	7749
1123.6	7625
1123.8	7584
1124	7668
1124.2	7727
1124.4	7477
1124.6	7753
1124.8	7685
1125	7652
1125.2	7748
1125.4	7569
1125.6	7528
1125.8	7729
1126	7769
1126.2	7599
1126.4	7533
1126.6	7313
1126.8	7526
1127	7584
1127.2	7780
1127.4	7571
1127.6	7740
1127.8	7546
1128	7575
1128.2	7339
1128.4	7356
1128.6	7456
1128.8	7326
1129	7450
1129.2	7277
1129.4	7308
1129.6	7233
1129.8	7473
1130	7208
1130.2	7229
1130.4	7156
1130.6	7097
1130.8	7219
1131	7187
1131.2	7164
1131.4	7001
1131.6	7100
1131.8	6941
1132	6917
1132.2	6863
1132.4	6944
1132.6	7189
1132.8	6846
1133	7216
1133.2	6944
1133.4	6929
1133.6	6915
1133.8	7139
1134	7064
1134.2	6776
1134.4	6717
1134.6	7074
1134.8	6895
1135	6886
1135.2	6881
1135.4	6920
1135.6	6620
1135.8	6708
1136	6923
1136.2	6814
1136.4	6826
1136.6	6757
1136.8	6698
1137	6759
1137.2	6741
1137.4	6914
1137.6	6774
1137.8	6949
1138	6848
1138.2	7000
1138.4	6900
1138.6	6892
1138.8	6841
1139	6650
1139.2	6851
1139.4	6942
1139.6	6788
1139.8	7030
1140	6852
1140.2	7028
1140.4	6765
1140.6	7048
1140.8	6985
1141	6750
1141.2	6730
1141.4	6860
1141.6	6834
1141.8	6976
1142	6940
1142.2	6778
1142.4	6736
1142.6	6772
1142.8	6865
1143	6830
1143.2	6793
1143.4	6957
1143.6	6983
1143.8	6715
1144	6963
1144.2	6869
1144.4	6714
1144.6	7036
1144.8	7032
1145	6896
1145.2	6903
1145.4	6953
1145.6	6735
1145.8	7012
1146	7001
1146.2	6940
1146.4	6953
1146.6	7015
1146.8	6931
1147	7106
1147.2	7030
1147.4	7022
1147.6	7010
1147.8	6833
1148	7135
1148.2	7015
1148.4	7041
1148.6	7173
1148.8	6911
1149	6954
1149.2	6760
1149.4	6881
1149.6	6882
1149.8	6838
1150	7104
1150.2	6844
1150.4	6893
1150.6	6961
1150.8	7057
1151	7023
1151.2	7004
1151.4	6888
1151.6	7098
1151.8	6964
1152	7121
1152.2	7149
1152.4	7084
1152.6	7026
1152.8	6883
1153	6885
1153.2	7056
1153.4	6999
1153.6	7123
1153.8	7069
1154	6982
1154.2	6930
1154.4	6998
1154.6	7098
1154.8	6952
1155	7011
1155.2	7001
1155.4	7007
1155.6	7020
1155.8	7126
1156	7001
1156.2	6975
1156.4	7067
1156.6	7130
1156.8	7041
1157	7027
1157.2	6997
1157.4	6944
1157.6	7073
1157.8	7124
1158	6953
1158.2	7069
1158.4	7035
1158.6	7171
1158.8	7184
1159	7269
1159.2	7014
1159.4	7137
1159.6	7139
1159.8	7260
1160	7181
1160.2	7072
1160.4	7199
1160.6	7138
1160.8	7053
1161	7051
1161.2	6975
1161.4	7080
1161.6	7014
1161.8	7103
1162	7141
1162.2	6931
1162.4	6935
1162.6	6974
1162.8	6844
1163	6999
1163.2	6996
1163.4	7141
1163.6	7084
1163.8	7102
1164	6928
1164.2	7004
1164.4	7099
1164.6	7165
1164.8	7105
1165	7284
1165.2	7081
1165.4	7211
1165.6	7127
1165.8	7327
1166	7165
1166.2	7187
1166.4	7034
1166.6	7135
1166.8	7250
1167	7245
1167.2	7074
1167.4	7050
1167.6	7006
1167.8	7209
1168	6980
1168.2	7078
1168.4	7212
1168.6	7377
1168.8	7268
1169	7010
1169.2	7099
1169.4	7039
1169.6	7169
1169.8	7114
1170	7266
1170.2	7160
1170.4	7228
1170.6	7179
1170.8	7252
1171	7338
1171.2	7159
1171.4	7170
1171.6	7152
1171.8	7377
1172	7396
1172.2	7375
1172.4	7336
1172.6	7358
1172.8	7269
1173	7218
1173.2	7337
1173.4	7338
1173.6	7165
1173.8	7155
1174	7197
1174.2	7205
1174.4	7250
1174.6	7411
1174.8	7330
1175	7319
1175.2	7153
1175.4	7293
1175.6	7214
1175.8	7340
1176	7115
1176.2	7168
1176.4	7336
1176.6	7340
1176.8	7310
1177	7200
1177.2	7073
1177.4	7235
1177.6	7214
1177.8	7137
1178	7259
1178.2	7263
1178.4	7111
1178.6	7402
1178.8	7171
1179	7341
1179.2	7530
1179.4	7322
1179.6	7414
1179.8	7258
1180	7462
1180.2	7227
1180.4	7266
1180.6	7468
1180.8	7384
1181	7504
1181.2	7259
1181.4	7504
1181.6	7414
1181.8	7304
1182	7382
1182.2	7324
1182.4	7165
1182.6	7325
1182.8	7403
1183	7366
1183.2	7433
1183.4	7352
1183.6	7319
1183.8	7253
1184	7136
1184.2	7083
1184.4	7272
1184.6	7189
1184.8	7213
1185	7230
1185.2	7535
1185.4	7486
1185.6	7373
1185.8	7552
1186	7439
1186.2	7485
1186.4	7422
1186.6	7530
1186.8	7388
1187	7264
1187.2	7183
1187.4	7629
1187.6	7411
1187.8	7498
1188	7427
1188.2	7408
1188.4	7394
1188.6	7484
1188.8	7409
1189	7362
1189.2	7359
1189.4	7366
1189.6	7449
1189.8	7310
1190	7555
1190.2	7545
1190.4	7544
1190.6	7466
1190.8	7456
1191	7580
1191.2	7347
1191.4	7563
1191.6	7610
1191.8	7537
1192	7587
1192.2	7459
1192.4	7521
1192.6	7551
1192.8	7610
1193	7590
1193.2	7558
1193.4	7376
1193.6	7519
1193.8	7346
1194	7377
1194.2	7560
1194.4	7334
1194.6	7286
1194.8	7543
1195	7570
1195.2	7520
1195.4	7647
1195.6	7618
1195.8	7451
1196	7616
1196.2	7476
1196.4	7727
1196.6	7696
1196.8	7700
1197	7715
1197.2	7664
1197.4	7798
1197.6	7712
1197.8	7696
1198	7587
1198.2	7705
1198.4	7454
1198.6	7573
1198.8	7633
1199	7706
1199.2	7560
1199.4	7461
1199.6	7606
1199.8	7662
1200	7684
1200.2	7424
1200.4	7476
1200.6	7402
1200.8	7621
1201	7524
1201.2	7680
1201.4	7868
1201.6	7628
1201.8	7750
1202	7696
1202.2	7608
1202.4	7743
1202.6	7718
1202.8	7606
1203	7641
1203.2	7749
1203.4	7667
1203.6	7775
1203.8	7596
1204	7631
1204.2	7610
1204.4	7533
1204.6	7802
1204.8	7646
1205	7742
1205.2	7889
1205.4	7781
1205.6	7642
1205.8	7761
1206	7749
1206.2	7828
1206.4	7683
1206.6	7655
1206.8	7638
1207	7669
1207.2	7558
1207.4	7664
1207.6	7702
1207.8	7589
1208	7616
1208.2	7761
1208.4	7723
1208.6	7975
1208.8	7780
1209	7766
1209.2	7650
1209.4	7718
1209.6	7788
1209.8	7642
1210	7975
1210.2	7861
1210.4	7741
1210.6	8028
1210.8	7941
1211	7765
1211.2	7723
1211.4	7575
1211.6	7769
1211.8	7726
1212	7720
1212.2	7877
1212.4	7745
1212.6	7632
1212.8	7745
1213	7631
1213.2	7810
1213.4	7668
1213.6	7766
1213.8	7967
1214	7951
1214.2	7740
1214.4	7825
1214.6	7940
1214.8	7861
1215	7881
1215.2	8008
1215.4	7964
1215.6	8153
1215.8	7793
1216	7875
1216.2	7744
1216.4	7971
1216.6	8048
1216.8	7936
1217	8045
1217.2	7885
1217.4	7872
1217.6	7799
1217.8	8127
1218	7891
1218.2	7943
1218.4	8024
1218.6	7851
1218.8	7973
1219	7854
1219.2	7889
1219.4	7861
1219.6	7756
1219.8	8058
1220	7933
1220.2	8047
1220.4	8065
1220.6	7943
1220.8	7882
1221	7731
1221.2	8028
1221.4	8071
1221.6	7938
1221.8	7930
1222	7964
1222.2	7915
1222.4	8025
1222.6	8124
1222.8	8313
1223	8085
1223.2	8091
1223.4	7992
1223.6	8013
1223.8	8132
1224	8096
1224.2	7955
1224.4	8182
1224.6	7830
1224.8	7867
1225	7851
1225.2	7972
1225.4	7973
1225.6	8059
1225.8	8177
1226	8188
1226.2	7986
1226.4	8125
1226.6	7997
1226.8	7980
1227	8051
1227.2	8052
1227.4	8111
1227.6	8184
1227.8	8185
1228	8170
1228.2	8220
1228.4	8066
1228.6	8271
1228.8	8282
1229	8307
1229.2	8347
1229.4	8158
1229.6	8065
1229.8	8210
1230	8170
1230.2	8146
1230.4	8081
1230.6	8009
1230.8	7925
1231	8159
1231.2	8064
1231.4	8154
1231.6	8105
1231.8	8116
1232	8089
1232.2	8164
1232.4	8042
1232.6	8075
1232.8	7943
1233	8069
1233.2	8234
1233.4	8196
1233.6	8099
1233.8	8066
1234	8182
1234.2	8346
1234.4	8245
1234.6	8401
1234.8	8377
1235	8437
1235.2	8274
1235.4	8458
1235.6	8176
1235.8	8376
1236	8240
1236.2	8549
1236.4	8308
1236.6	8246
1236.8	8316
1237	8048
1237.2	7992
1237.4	8056
1237.6	8049
1237.8	8021
1238	8193
1238.2	8173
1238.4	8155
1238.6	8345
1238.8	8146
1239	8088
1239.2	8078
1239.4	8250
1239.6	8214
1239.8	8254
1240	8392
1240.2	8491
1240.4	8386
1240.6	8460
1240.8	8424
1241	8535
1241.2	8426
1241.4	8541
1241.6	8385
1241.8	8509
1242	8426
1242.2	8328
1242.4	8534
1242.6	8369
1242.8	8319
1243	8140
1243.2	8156
1243.4	8078
1243.6	8291
1243.8	8256
1244	8412
1244.2	8353
1244.4	8249
1244.6	8298
1244.8	8242
1245	8265
1245.2	8167
1245.4	8140
1245.6	8126
1245.8	8402
1246	8495
1246.2	8301
1246.4	8486
1246.6	8535
1246.8	8456
1247	8317
1247.2	8648
1247.4	8425
1247.6	8429
1247.8	8533
1248	8519
1248.2	8518
1248.4	8495
1248.6	8374
1248.8	8411
1249	8323
1249.2	8497
1249.4	8322
1249.6	8446
1249.8	8269
1250	8589
1250.2	8405
1250.4	8210
1250.6	8289
1250.8	8428
1251	8307
1251.2	8479
1251.4	8510
1251.6	8420
1251.8	8436
1252	8488
1252.2	8304
1252.4	8351
1252.6	8384
1252.8	8308
1253	8485
1253.2	8643
1253.4	8578
1253.6	8841
1253.8	8708
1254	8812
1254.2	8578
1254.4	8532
1254.6	8577
1254.8	8399
1255	8629
1255.2	8798
1255.4	8593
1255.6	8612
1255.8	8626
1256	8641
1256.2	8658
1256.4	8504
1256.6	8657
1256.8	8617
1257	8610
1257.2	8290
1257.4	8398
1257.6	8198
1257.8	8394
1258	8497
1258.2	8400
1258.4	8232
1258.6	8425
1258.8	8680
1259	8564
1259.2	8570
1259.4	8591
1259.6	8620
1259.8	8779
1260	8743
1260.2	8750
1260.4	8706
1260.6	8643
1260.8	8702
1261	8707
1261.2	8621
1261.4	8819
1261.6	8700
1261.8	8855
1262	8799
1262.2	8922
1262.4	8695
1262.6	8827
1262.8	8499
1263	8640
1263.2	8783
1263.4	8601
1263.6	8539
1263.8	8487
1264	8884
1264.2	8843
1264.4	8708
1264.6	8773
1264.8	8629
1265	8761
1265.2	8641
1265.4	8671
1265.6	8641
1265.8	8564
1266	8720
1266.2	8590
1266.4	8820
1266.6	8708
1266.8	8821
1267	8772
1267.2	8876
1267.4	8643
1267.6	8806
1267.8	8755
1268	8834
1268.2	8803
1268.4	9002
1268.6	8744
1268.8	8897
1269	8735
1269.2	8703
1269.4	8476
1269.6	8675
1269.8	8641
1270	8705
1270.2	9056
1270.4	9112
1270.6	9008
1270.8	8794
1271	9032
1271.2	8846
1271.4	9045
1271.6	8977
1271.8	9050
1272	8856
1272.2	8874
1272.4	8729
1272.6	8805
1272.8	8923
1273	8860
1273.2	8969
1273.4	8731
1273.6	8946
1273.8	9099
1274	8978
1274.2	9068
1274.4	9095
1274.6	9130
1274.8	8860
1275	9193
1275.2	8990
1275.4	8961
1275.6	8994
1275.8	8757
1276	8940
1276.2	8775
1276.4	9017
1276.6	8839
1276.8	8749
1277	8910
1277.2	9085
1277.4	9124
1277.6	9141
1277.8	9027
1278	9028
1278.2	8921
1278.4	9104
1278.6	9029
1278.8	9051
1279	9193
1279.2	9198
1279.4	9163
1279.6	9028
1279.8	9015
1280	9101
1280.2	9202
1280.4	9260
1280.6	9190
1280.8	8945
1281	9179
1281.2	9258
1281.4	9125
1281.6	9243
1281.8	9242
1282	9084
1282.2	9189
1282.4	9125
1282.6	9306
1282.8	9135
1283	9256
1283.2	9205
1283.4	9233
1283.6	9505
1283.8	9325
1284	9321
1284.2	9214
1284.4	9188
1284.6	9249
1284.8	9299
1285	9192
1285.2	9413
1285.4	9229
1285.6	9231
1285.8	9270
1286	9121
1286.2	9022
1286.4	9290
1286.6	9292
1286.8	9237
1287	9143
1287.2	9384
1287.4	9268
1287.6	9125
1287.8	9195
1288	9090
1288.2	9359
1288.4	9267
1288.6	9335
1288.8	9418
1289	9343
1289.2	9433
1289.4	9537
1289.6	9585
1289.8	9463
1290	9503
1290.2	9342
1290.4	9282
1290.6	9429
1290.8	9423
1291	9321
1291.2	9535
1291.4	9408
1291.6	9361
1291.8	9453
1292	9295
1292.2	9423
1292.4	9279
1292.6	9169
1292.8	9088
1293	9411
1293.2	9424
1293.4	9390
1293.6	9303
1293.8	9475
1294	9315
1294.2	9621
1294.4	9606
1294.6	9619
1294.8	9376
1295	9497
1295.2	9674
1295.4	9482
1295.6	9688
1295.8	9667
1296	9552
1296.2	9768
1296.4	9652
1296.6	9792
1296.8	9488
1297	9579
1297.2	9589
1297.4	9560
1297.6	9624
1297.8	9639
1298	9593
1298.2	9733
1298.4	9291
1298.6	9548
1298.8	9562
1299	9382
1299.2	9174
1299.4	9501
1299.6	9529
1299.8	9755
1300	9512
1300.2	9506
1300.4	9339
1300.6	9570
1300.8	9572
1301	9747
1301.2	9994
1301.4	9831
1301.6	9818
1301.8	9913
1302	10068
1302.2	9875
1302.4	9839
1302.6	9930
1302.8	9769
1303	9803
1303.2	9756
1303.4	9721
1303.6	9612
1303.8	9931
1304	9792
1304.2	9810
1304.4	9885
1304.6	9847
1304.8	9982
1305	9829
1305.2	9821
1305.4	9728
1305.6	9992
1305.8	10091
1306	9943
1306.2	9809
1306.4	9776
1306.6	9940
1306.8	9978
1307	9812
1307.2	9978
1307.4	9921
1307.6	9913
1307.8	9953
1308	9764
1308.2	9831
1308.4	9776
1308.6	10038
1308.8	9993
1309	9788
1309.2	10077
1309.4	9956
1309.6	10157
1309.8	10133
1310	10165
1310.2	10164
1310.4	10068
1310.6	10458
1310.8	10161
1311	10159
1311.2	10173
1311.4	10130
1311.6	10304
1311.8	10358
1312	10331
1312.2	10378
1312.4	10349
1312.6	10620
1312.8	10291
1313	10027
1313.2	10061
1313.4	10010
1313.6	10186
1313.8	10352
1314	10692
1314.2	10549
1314.4	10300
1314.6	10381
1314.8	10534
1315	10506
1315.2	10573
1315.4	10421
1315.6	10301
1315.8	10406
1316	10573
1316.2	10580
1316.4	11201
1316.6	10988
1316.8	11161
1317	11637
1317.2	11754
1317.4	11932
1317.6	11801
1317.8	11693
1318	11782
1318.2	12096
1318.4	12022
1318.6	12391
1318.8	12097
1319	12517
1319.2	12749
1319.4	12753
1319.6	13305
1319.8	13486
1320	13968
1320.2	13834
1320.4	14227
1320.6	14469
1320.8	14988
1321	15030
1321.2	14845
1321.4	15005
1321.6	14789
1321.8	15432
1322	15886
1322.2	16408
1322.4	16821
1322.6	17262
1322.8	17505
1323	17781
1323.2	18082
1323.4	18517
1323.6	18938
1323.8	19354
1324	19594
1324.2	19934
1324.4	20474
1324.6	20646
1324.8	20790
1325	20492
1325.2	20923
1325.4	20939
1325.6	21248
1325.8	21563
1326	21755
1326.2	21771
1326.4	21715
1326.6	21863
1326.8	21809
1327	22347
1327.2	22245
1327.4	22753
1327.6	22529
1327.8	22905
1328	22342
1328.2	22539
1328.4	22245
1328.6	22382
1328.8	22575
1329	22551
1329.2	22325
1329.4	22783
1329.6	22706
1329.8	22877
1330	23375
1330.2	22933
1330.4	22843
1330.6	22404
1330.8	23331
1331	23114
1331.2	22937
1331.4	22739
1331.6	22691
1331.8	22135
1332	22085
1332.2	21728
1332.4	21632
1332.6	21663
1332.8	21849
1333	21208
1333.2	20855
1333.4	20987
1333.6	20628
1333.8	20083
1334	20011
1334.2	19971
1334.4	19479
1334.6	19201
1334.8	18921
1335	18841
1335.2	18656
1335.4	18265
1335.6	17926
1335.8	17488
1336	17310
1336.2	16923
1336.4	16536
1336.6	16186
1336.8	15898
1337	15578
1337.2	15558
1337.4	15116
1337.6	15073
1337.8	14696
1338	14215
1338.2	14107
1338.4	13861
1338.6	13389
1338.8	13389
1339	13398
1339.2	13185
1339.4	12887
1339.6	12699
1339.8	12412
1340	12369
1340.2	11844
1340.4	11780
1340.6	11535
1340.8	11581
1341	11302
1341.2	11387
1341.4	11206
1341.6	11252
1341.8	10739
1342	10704
1342.2	10650
1342.4	10888
1342.6	10727
1342.8	10915
1343	10610
1343.2	10636
1343.4	10513
1343.6	10364
1343.8	10374
1344	10520
1344.2	10434
1344.4	10186
1344.6	10446
1344.8	10401
1345	10026
1345.2	10323
1345.4	10174
1345.6	10308
1345.8	10012
1346	10074
1346.2	10208
1346.4	10032
1346.6	10094
1346.8	10068
1347	9962
1347.2	9928
1347.4	9757
1347.6	9933
1347.8	9627
1348	9572
1348.2	9787
1348.4	9844
1348.6	9831
1348.8	9845
1349	9935
1349.2	9821
1349.4	9787
1349.6	9630
1349.8	9618
1350	9955
1350.2	9857
1350.4	9872
1350.6	9933
1350.8	10002
1351	10098
1351.2	9951
1351.4	9860
1351.6	10015
1351.8	9872
1352	9952
1352.2	9812
1352.4	9727
1352.6	9692
1352.8	9739
1353	9594
1353.2	9457
1353.4	9508
1353.6	9695
1353.8	9761
1354	9786
1354.2	9642
1354.4	9679
1354.6	9553
1354.8	9434
1355	9429
1355.2	9392
1355.4	9278
1355.6	9490
1355.8	9546
1356	9696
1356.2	9786
1356.4	10033
1356.6	9809
1356.8	9824
1357	9752
1357.2	9688
1357.4	9767
1357.6	9713
1357.8	9725
1358	9829
1358.2	9655
1358.4	9700
1358.6	9758
1358.8	9536
1359	9621
1359.2	9511
1359.4	9645
1359.6	9771
1359.8	9411
1360	9470
1360.2	9592
1360.4	9602
1360.6	9503
1360.8	9548
1361	9550
1361.2	9403
1361.4	9422
1361.6	9298
1361.8	9187
1362	9404
1362.2	9627
1362.4	9500
1362.6	9455
1362.8	9560
1363	9578
1363.2	9295
1363.4	9568
1363.6	9827
1363.8	9646
1364	9575
1364.2	9568
1364.4	9580
1364.6	9606
1364.8	9707
1365	9454
1365.2	9382
1365.4	9425
1365.6	9426
1365.8	9259
1366	9498
1366.2	9428
1366.4	9593
1366.6	9522
1366.8	9633
1367	9510
1367.2	9646
1367.4	9145
1367.6	9604
1367.8	9211
1368	9238
1368.2	9401
1368.4	9183
1368.6	9138
1368.8	9121
1369	9053
1369.2	9620
1369.4	9304
1369.6	9310
1369.8	9516
1370	9423
1370.2	9604
1370.4	9230
1370.6	9460
1370.8	9493
1371	9491
1371.2	9545
1371.4	9371
1371.6	9590
1371.8	9363
1372	9340
1372.2	9567
1372.4	9367
1372.6	9287
1372.8	9253
1373	9371
1373.2	9254
1373.4	9551
1373.6	9439
1373.8	9262
1374	9176
1374.2	8965
1374.4	9054
1374.6	9293
1374.8	9061
1375	9522
1375.2	9416
1375.4	9368
1375.6	9377
1375.8	9483
1376	9424
1376.2	9288
1376.4	9357
1376.6	9313
1376.8	9541
1377	9318
1377.2	9476
1377.4	9448
1377.6	9406
1377.8	9289
1378	9285
1378.2	9286
1378.4	9303
1378.6	9113
1378.8	9325
1379	9310
1379.2	9543
1379.4	9495
1379.6	9380
1379.8	9226
1380	9447
1380.2	9091
1380.4	9028
1380.6	8977
1380.8	8870
1381	8977
1381.2	8930
1381.4	9142
1381.6	9412
1381.8	9244
1382	9317
1382.2	9275
1382.4	9386
1382.6	9215
1382.8	9291
1383	9150
1383.2	9263
1383.4	9043
1383.6	9138
1383.8	9277
1384	9189
1384.2	9331
1384.4	9175
1384.6	9219
1384.8	9299
1385	9136
1385.2	9355
1385.4	9354
1385.6	9069
1385.8	9071
1386	9298
1386.2	9066
1386.4	9024
1386.6	9040
1386.8	9292
1387	9147
1387.2	9255
1387.4	9346
1387.6	9054
1387.8	8915
1388	9102
1388.2	8924
1388.4	8996
1388.6	9168
1388.8	9216
1389	9283
1389.2	9367
1389.4	9350
1389.6	9237
1389.8	9359
1390	9020
1390.2	9016
1390.4	9129
1390.6	9087
1390.8	9221
1391	9169
1391.2	9124
1391.4	9127
1391.6	8821
1391.8	9170
1392	9285
1392.2	8936
1392.4	9071
1392.6	9071
1392.8	8972
1393	8828
1393.2	8792
1393.4	8858
1393.6	8926
1393.8	8953
1394	9083
1394.2	9074
1394.4	9070
1394.6	9184
1394.8	9070
1395	8938
1395.2	9094
1395.4	9094
1395.6	9046
1395.8	9060
1396	9079
1396.2	9073
1396.4	9082
1396.6	8931
1396.8	9129
1397	9055
1397.2	9071
1397.4	9202
1397.6	9102
1397.8	8991
1398	8989
1398.2	8948
1398.4	9007
1398.6	8990
1398.8	9034
1399	8938
1399.2	8987
1399.4	9128
1399.6	8976
1399.8	9059
1400	9097
1400.2	8950
1400.4	8857
1400.6	8848
1400.8	8981
1401	9152
1401.2	8966
1401.4	9201
1401.6	9297
1401.8	9150
1402	9404
1402.2	9086
1402.4	9061
1402.6	8781
1402.8	8955
1403	9006
1403.2	9044
1403.4	8902
1403.6	9126
1403.8	9227
1404	9182
1404.2	9149
1404.4	8988
1404.6	8998
1404.8	9202
1405	9073
1405.2	9175
1405.4	9158
1405.6	9180
1405.8	8970
1406	9062
1406.2	9053
1406.4	9058
1406.6	9137
1406.8	9067
1407	9054
1407.2	8841
1407.4	9158
1407.6	9111
1407.8	8961
1408	9194
1408.2	9113
1408.4	9295
1408.6	9307
1408.8	9311
1409	9185
1409.2	9303
1409.4	9135
1409.6	9204
1409.8	9062
1410	8994
1410.2	9015
1410.4	9068
1410.6	8984
1410.8	8958
1411	9247
1411.2	9178
1411.4	9258
1411.6	9032
1411.8	9227
1412	9215
1412.2	9095
1412.4	9056
1412.6	9180
1412.8	8982
1413	8952
1413.2	8801
1413.4	8998
1413.6	9177
1413.8	9158
1414	9069
1414.2	9042
1414.4	8926
1414.6	9273
1414.8	9077
1415	9205
1415.2	9110
1415.4	9121
1415.6	9093
1415.8	8902
1416	9092
1416.2	9185
1416.4	9135
1416.6	9294
1416.8	9280
1417	9360
1417.2	9436
1417.4	8989
1417.6	9258
1417.8	9044
1418	9057
1418.2	9401
1418.4	9066
1418.6	8792
1418.8	8751
1419	8984
1419.2	8970
1419.4	9245
1419.6	9166
1419.8	9096
1420	9189
1420.2	9079
1420.4	9161
1420.6	8967
1420.8	9144
1421	9098
1421.2	9161
1421.4	9177
1421.6	9282
1421.8	9058
1422	9105
1422.2	9127
1422.4	9129
1422.6	9234
1422.8	9241
1423	9038
1423.2	9242
1423.4	9119
1423.6	9193
1423.8	9403
1424	9171
1424.2	8963
1424.4	9156
1424.6	9233
1424.8	9101
1425	9138
1425.2	9135
1425.4	9215
1425.6	9063
1425.8	9187
1426	9248
1426.2	9221
1426.4	9093
1426.6	9219
1426.8	9031
1427	9140
1427.2	9280
1427.4	9067
1427.6	9233
1427.8	9137
1428	9091
1428.2	9351
1428.4	9333
1428.6	9301
1428.8	9340
1429	9300
1429.2	9345
1429.4	9231
1429.6	9137
1429.8	9161
1430	9138
1430.2	9316
1430.4	9167
1430.6	9256
1430.8	9273
1431	9408
1431.2	9120
1431.4	9111
1431.6	9057
1431.8	9095
1432	9061
1432.2	9234
1432.4	9196
1432.6	9119
1432.8	8978
1433	8937
1433.2	9190
1433.4	9210
1433.6	9060
1433.8	9322
1434	9249
1434.2	9081
1434.4	9114
1434.6	9396
1434.8	9310
1435	9301
1435.2	9071
1435.4	9304
1435.6	9401
1435.8	9263
1436	9373
1436.2	9247
1436.4	9304
1436.6	9184
1436.8	9010
1437	9345
1437.2	9438
1437.4	9205
1437.6	9220
1437.8	9356
1438	9193
1438.2	9097
1438.4	9328
1438.6	9429
1438.8	9359
1439	9297
1439.2	9178
1439.4	9218
1439.6	9420
1439.8	9441
1440	9488
1440.2	9414
1440.4	9426
1440.6	9293
1440.8	9352
1441	9521
1441.2	9186
1441.4	9216
1441.6	9425
1441.8	9197
1442	9271
1442.2	9282
1442.4	9294
1442.6	9407
1442.8	9268
1443	9287
1443.2	9321
1443.4	9264
1443.6	9372
1443.8	9321
1444	9621
1444.2	9594
1444.4	9670
1444.6	9502
1444.8	9468
1445	9544
1445.2	9470
1445.4	9698
1445.6	9536
1445.8	9567
1446	9424
1446.2	9494
1446.4	9502
1446.6	9594
1446.8	9548
1447	9634
1447.2	9662
1447.4	9577
1447.6	9382
1447.8	9537
1448	9529
1448.2	9636
1448.4	9480
1448.6	9377
1448.8	9420
1449	9431
1449.2	9749
1449.4	9392
1449.6	9414
1449.8	9474
1450	9745
1450.2	9480
1450.4	9600
1450.6	9475
1450.8	9428
1451	9609
1451.2	9526
1451.4	9526
1451.6	9740
1451.8	9673
1452	9521
1452.2	9637
1452.4	9640
1452.6	9753
1452.8	9418
1453	9489
1453.2	9535
1453.4	9719
1453.6	9732
1453.8	9719
1454	9713
1454.2	9487
1454.4	9737
1454.6	9729
1454.8	9584
1455	9852
1455.2	9874
1455.4	9660
1455.6	9639
1455.8	9574
1456	9453
1456.2	9590
1456.4	9537
1456.6	9520
1456.8	9907
1457	9810
1457.2	9778
1457.4	9953
1457.6	9789
1457.8	9823
1458	9804
1458.2	9954
1458.4	9735
1458.6	9942
1458.8	9951
1459	9906
1459.2	9880
1459.4	9752
1459.6	9769
1459.8	9619
1460	9655
1460.2	9706
1460.4	9882
1460.6	9871
1460.8	10070
1461	9681
1461.2	9698
1461.4	9945
1461.6	9615
1461.8	9741
1462	10026
1462.2	9921
1462.4	10148
1462.6	10029
1462.8	9862
1463	9723
1463.2	9804
1463.4	9897
1463.6	10141
1463.8	9714
1464	9899
1464.2	9752
1464.4	9893
1464.6	10205
1464.8	10104
1465	10187
1465.2	9875
1465.4	9893
1465.6	10201
1465.8	10189
1466	10016
1466.2	10080
1466.4	10072
1466.6	10114
1466.8	9939
1467	9906
1467.2	9984
1467.4	10068
1467.6	9914
1467.8	9931
1468	10069
1468.2	10157
1468.4	10290
1468.6	10104
1468.8	10130
1469	10093
1469.2	10233
1469.4	10365
1469.6	10050
1469.8	9935
1470	10210
1470.2	10175
1470.4	10053
1470.6	10259
1470.8	10285
1471	10341
1471.2	10375
1471.4	10357
1471.6	10219
1471.8	10287
1472	10463
1472.2	10328
1472.4	10380
1472.6	10380
1472.8	10200
1473	10280
1473.2	10224
1473.4	10378
1473.6	10315
1473.8	10221
1474	10199
1474.2	10047
1474.4	10121
1474.6	10223
1474.8	10386
1475	10323
1475.2	10101
1475.4	10489
1475.6	10295
1475.8	10261
1476	10107
1476.2	10265
1476.4	10313
1476.6	10217
1476.8	10188
1477	10274
1477.2	10236
1477.4	10285
1477.6	10319
1477.8	10109
1478	10345
1478.2	10509
1478.4	10530
1478.6	10404
1478.8	10354
1479	10640
1479.2	10593
1479.4	10654
1479.6	10475
1479.8	10637
1480	10457
1480.2	10423
1480.4	10400
1480.6	10521
1480.8	10378
1481	10491
1481.2	10532
1481.4	10438
1481.6	10358
1481.8	10332
1482	10386
1482.2	10497
1482.4	10606
1482.6	10606
1482.8	10607
1483	10650
1483.2	10497
1483.4	10495
1483.6	10367
1483.8	10461
1484	10515
1484.2	10574
1484.4	10494
1484.6	10510
1484.8	10628
1485	10752
1485.2	10679
1485.4	10755
1485.6	10765
1485.8	10858
1486	10565
1486.2	10538
1486.4	10500
1486.6	10729
1486.8	10510
1487	10563
1487.2	10575
1487.4	10637
1487.6	10583
1487.8	10633
1488	10724
1488.2	10440
1488.4	10429
1488.6	10566
1488.8	10565
1489	10776
1489.2	10587
1489.4	10642
1489.6	10875
1489.8	10490
1490	10686
1490.2	10956
1490.4	10576
1490.6	10706
1490.8	10710
1491	10901
1491.2	10679
1491.4	10924
1491.6	10702
1491.8	10803
1492	10717
1492.2	10938
1492.4	10688
1492.6	10797
1492.8	10776
1493	10706
1493.2	10754
1493.4	10652
1493.6	10699
1493.8	10592
1494	10663
1494.2	10656
1494.4	10498
1494.6	10601
1494.8	10722
1495	10802
1495.2	10843
1495.4	10788
1495.6	10838
1495.8	10677
1496	10732
1496.2	10773
1496.4	10851
1496.6	10710
1496.8	10729
1497	10800
1497.2	10754
1497.4	10738
1497.6	10680
1497.8	10929
1498	10734
1498.2	10766
1498.4	10747
1498.6	10663
1498.8	10910
1499	10935
1499.2	10940
1499.4	10825
1499.6	10836
1499.8	10924
1500	10704
1500.2	10774
1500.4	10639
1500.6	10644
1500.8	10600
1501	10840
1501.2	10774
1501.4	10720
1501.6	10645
1501.8	10782
1502	10808
1502.2	10761
1502.4	10841
1502.6	10604
1502.8	10633
1503	10813
1503.2	10835
1503.4	10945
1503.6	10868
1503.8	10736
1504	10940
1504.2	10897
1504.4	10780
1504.6	10751
1504.8	10778
1505	10865
1505.2	10749
1505.4	10948
1505.6	10792
1505.8	10876
1506	10936
1506.2	11013
1506.4	10698
1506.6	10752
1506.8	10598
1507	10668
1507.2	10722
1507.4	10618
1507.6	10762
1507.8	10775
1508	10671
1508.2	10553
1508.4	10768
1508.6	10546
1508.8	10806
1509	10918
1509.2	10667
1509.4	10688
1509.6	10545
1509.8	10984
1510	10767
1510.2	10835
1510.4	10654
1510.6	10563
1510.8	10801
1511	10639
1511.2	10619
1511.4	10820
1511.6	10924
1511.8	10784
1512	10845
1512.2	10856
1512.4	10810
1512.6	10733
1512.8	10395
1513	10514
1513.2	10527
1513.4	10458
1513.6	10598
1513.8	10630
1514	10622
1514.2	10643
1514.4	10728
1514.6	10644
1514.8	10723
1515	10648
1515.2	10729
1515.4	10925
1515.6	10583
1515.8	10800
1516	10695
1516.2	10905
1516.4	10708
1516.6	10748
1516.8	10608
1517	10848
1517.2	10730
1517.4	10665
1517.6	10943
1517.8	10639
1518	10736
1518.2	11009
1518.4	10840
1518.6	10754
1518.8	10844
1519	10641
1519.2	10756
1519.4	10665
1519.6	10804
1519.8	10457
1520	10776
1520.2	10685
1520.4	10541
1520.6	10623
1520.8	10648
1521	10617
1521.2	10643
1521.4	10821
1521.6	10882
1521.8	10472
1522	10724
1522.2	10612
1522.4	10799
1522.6	10801
1522.8	10852
1523	10556
1523.2	10787
1523.4	10922
1523.6	10998
1523.8	10703
1524	10719
1524.2	10637
1524.4	10990
1524.6	10704
1524.8	10799
1525	10801
1525.2	10925
1525.4	10837
1525.6	10605
1525.8	10674
1526	10688
1526.2	10866
1526.4	10933
1526.6	10864
1526.8	10891
1527	10786
1527.2	10725
1527.4	10832
1527.6	10548
1527.8	10614
1528	10916
1528.2	10983
1528.4	10829
1528.6	11027
1528.8	10952
1529	10875
1529.2	10851
1529.4	10849
1529.6	10882
1529.8	10771
1530	11039
1530.2	10935
1530.4	10748
1530.6	10891
1530.8	10888
1531	10747
1531.2	11010
1531.4	10918
1531.6	11118
1531.8	10893
1532	10778
1532.2	10809
1532.4	10651
1532.6	10813
1532.8	10791
1533	10960
1533.2	10838
1533.4	10804
1533.6	10910
1533.8	10928
1534	10591
1534.2	10734
1534.4	10745
1534.6	10593
1534.8	10822
1535	10825
1535.2	10727
1535.4	10988
1535.6	10733
1535.8	10794
1536	10669
1536.2	10820
1536.4	10646
1536.6	10737
1536.8	10921
1537	11000
1537.2	11181
1537.4	10895
1537.6	10926
1537.8	11029
1538	10932
1538.2	10883
1538.4	10853
1538.6	10928
1538.8	10850
1539	10830
1539.2	10796
1539.4	10558
1539.6	10691
1539.8	10849
1540	10911
1540.2	10881
1540.4	10716
1540.6	10826
1540.8	10804
1541	10758
1541.2	10724
1541.4	10680
1541.6	10748
1541.8	10941
1542	10879
1542.2	10841
1542.4	10954
1542.6	10771
1542.8	10705
1543	10645
1543.2	10840
1543.4	10870
1543.6	10866
1543.8	10891
1544	10916
1544.2	11011
1544.4	10596
1544.6	11023
1544.8	10644
1545	10802
1545.2	10978
1545.4	10859
1545.6	10821
1545.8	10553
1546	10755
1546.2	10762
1546.4	10742
1546.6	10722
1546.8	10698
1547	10652
1547.2	10863
1547.4	10893
1547.6	10802
1547.8	10866
1548	10772
1548.2	10717
1548.4	10681
1548.6	10780
1548.8	10716
1549	10726
1549.2	10584
1549.4	10641
1549.6	10728
1549.8	10805
1550	10607
1550.2	10762
1550.4	10551
1550.6	10564
1550.8	10734
1551	10398
1551.2	10613
1551.4	10710
1551.6	10551
1551.8	10964
1552	10844
1552.2	10644
1552.4	10829
1552.6	10504
1552.8	10536
1553	10383
1553.2	10591
1553.4	10572
1553.6	10575
1553.8	10514
1554	10536
1554.2	10512
1554.4	10724
1554.6	10595
1554.8	10768
1555	10749
1555.2	10595
1555.4	10547
1555.6	10724
1555.8	10832
1556	10598
1556.2	10610
1556.4	10815
1556.6	10505
1556.8	10601
1557	10695
1557.2	10683
1557.4	10454
1557.6	10738
1557.8	10470
1558	10501
1558.2	10508
1558.4	10317
1558.6	10497
1558.8	10521
1559	10119
1559.2	10445
1559.4	10423
1559.6	10445
1559.8	10376
1560	10450
1560.2	10571
1560.4	10445
1560.6	10447
1560.8	10381
1561	10692
1561.2	10476
1561.4	10439
1561.6	10353
1561.8	10321
1562	10385
1562.2	10464
1562.4	10577
1562.6	10778
1562.8	10490
1563	10455
1563.2	10671
1563.4	10500
1563.6	10420
1563.8	10374
1564	10550
1564.2	10467
1564.4	10153
1564.6	10350
1564.8	10550
1565	10252
1565.2	10139
1565.4	10348
1565.6	10462
1565.8	10196
1566	10051
1566.2	10057
1566.4	10077
1566.6	9990
1566.8	9958
1567	10031
1567.2	10243
1567.4	9893
1567.6	10225
1567.8	10314
1568	10185
1568.2	10241
1568.4	10172
1568.6	10104
1568.8	9924
1569	10101
1569.2	10195
1569.4	10148
1569.6	10219
1569.8	10386
1570	10331
1570.2	10100
1570.4	10011
1570.6	10018
1570.8	10036
1571	9956
1571.2	9918
1571.4	9954
1571.6	9940
1571.8	10087
1572	10027
1572.2	9954
1572.4	9919
1572.6	10018
1572.8	9913
1573	9812
1573.2	9833
1573.4	10016
1573.6	9794
1573.8	9660
1574	9545
1574.2	9633
1574.4	9662
1574.6	9841
1574.8	9949
1575	9856
1575.2	9701
1575.4	9779
1575.6	9732
1575.8	9859
1576	10054
1576.2	9932
1576.4	9844
1576.6	9794
1576.8	9815
1577	9702
1577.2	9782
1577.4	10112
1577.6	9894
1577.8	9855
1578	9786
1578.2	9822
1578.4	9724
1578.6	9696
1578.8	9710
1579	9855
1579.2	10101
1579.4	9753
1579.6	9562
1579.8	9693
1580	9577
1580.2	9471
1580.4	9364
1580.6	9593
1580.8	9488
1581	9748
1581.2	9572
1581.4	9604
1581.6	9774
1581.8	9680
1582	9502
1582.2	9595
1582.4	9836
1582.6	9519
1582.8	9699
1583	9416
1583.2	9511
1583.4	9490
1583.6	9666
1583.8	9507
1584	9693
1584.2	9665
1584.4	9586
1584.6	9551
1584.8	9452
1585	9563
1585.2	9561
1585.4	9418
1585.6	9462
1585.8	9398
1586	9462
1586.2	9653
1586.4	9627
1586.6	9486
1586.8	9611
1587	9636
1587.2	9379
1587.4	9324
1587.6	9513
1587.8	9119
1588	9324
1588.2	9541
1588.4	9433
1588.6	9359
1588.8	9389
1589	9432
1589.2	9229
1589.4	9276
1589.6	9350
1589.8	9379
1590	9397
1590.2	9391
1590.4	9483
1590.6	9528
1590.8	9553
1591	9473
1591.2	9434
1591.4	9600
1591.6	9427
1591.8	9450
1592	9652
1592.2	9569
1592.4	9560
1592.6	9355
1592.8	9312
1593	9378
1593.2	9425
1593.4	9344
1593.6	9474
1593.8	9306
1594	9446
1594.2	9301
1594.4	9406
1594.6	9414
1594.8	9434
1595	9347
1595.2	9338
1595.4	9415
1595.6	9089
1595.8	9134
1596	9173
1596.2	9032
1596.4	9339
1596.6	9062
1596.8	9404
1597	9515
1597.2	9365
1597.4	9333
1597.6	9179
1597.8	9151
1598	9474
1598.2	9278
1598.4	9275
1598.6	9316
1598.8	9370
1599	9363
1599.2	9122
1599.4	8985
1599.6	9152
1599.8	9043
1600	9109
1600.2	9178
1600.4	9296
1600.6	9063
1600.8	8931
1601	9138
1601.2	9046
1601.4	9302
1601.6	9161
1601.8	9175
1602	9053
1602.2	9244
1602.4	8892
1602.6	8909
1602.8	9125
1603	9062
1603.2	9108
1603.4	9123
1603.6	9230
1603.8	9038
1604	9229
1604.2	9173
1604.4	9230
1604.6	9163
1604.8	9151
1605	9068
1605.2	9227
1605.4	9310
1605.6	9233
1605.8	9053
1606	9133
1606.2	8994
1606.4	9055
1606.6	9182
1606.8	9110
1607	8936
1607.2	9233
1607.4	8888
1607.6	9104
1607.8	8994
1608	8881
1608.2	8795
1608.4	8874
1608.6	8738
1608.8	9027
1609	9061
1609.2	8901
1609.4	8790
1609.6	8848
1609.8	8928
1610	8986
1610.2	8987
1610.4	8913
1610.6	8949
1610.8	9130
1611	9079
1611.2	9039
1611.4	8973
1611.6	9015
1611.8	8852
1612	9037
1612.2	9033
1612.4	9015
1612.6	8946
1612.8	8894
1613	8988
1613.2	8935
1613.4	8702
1613.6	8713
1613.8	8762
1614	8588
1614.2	8905
1614.4	8741
1614.6	8838
1614.8	8848
1615	9033
1615.2	8990
1615.4	8974
1615.6	8814
1615.8	8855
1616	8880
1616.2	8843
1616.4	8828
1616.6	8816
1616.8	8845
1617	8849
1617.2	8888
1617.4	8726
1617.6	8976
1617.8	8612
1618	8927
1618.2	8957
1618.4	8754
1618.6	8899
1618.8	8655
1619	8876
1619.2	8705
1619.4	8665
1619.6	8681
1619.8	8632
1620	8680
1620.2	8567
1620.4	8592
1620.6	8533
1620.8	8627
1621	8616
1621.2	8930
1621.4	8764
1621.6	8686
1621.8	8731
1622	8652
1622.2	8780
1622.4	8783
1622.6	8618
1622.8	8587
1623	8725
1623.2	8824
1623.4	8792
1623.6	8858
1623.8	8748
1624	8646
1624.2	8603
1624.4	8635
1624.6	8715
1624.8	8767
1625	8613
1625.2	8689
1625.4	8761
1625.6	8537
1625.8	8501
1626	8376
1626.2	8466
1626.4	8384
1626.6	8548
1626.8	8490
1627	8525
1627.2	8487
1627.4	8496
1627.6	8509
1627.8	8407
1628	8495
1628.2	8609
1628.4	8655
1628.6	8608
1628.8	8680
1629	8690
1629.2	8566
1629.4	8560
1629.6	8438
1629.8	8426
1630	8522
1630.2	8519
1630.4	8578
1630.6	8603
1630.8	8445
1631	8505
1631.2	8733
1631.4	8557
1631.6	8534
1631.8	8400
1632	8519
1632.2	8363
1632.4	8310
1632.6	8460
1632.8	8502
1633	8533
1633.2	8373
1633.4	8262
1633.6	8459
1633.8	8370
1634	8346
1634.2	8455
1634.4	8318
1634.6	8345
1634.8	8508
1635	8406
1635.2	8569
1635.4	8574
1635.6	8447
1635.8	8270
1636	8248
1636.2	8426
1636.4	8272
1636.6	8187
1636.8	8373
1637	8274
1637.2	8336
1637.4	8392
1637.6	8358
1637.8	8494
1638	8375
1638.2	8152
1638.4	8210
1638.6	8186
1638.8	8335
1639	8286
1639.2	8355
1639.4	8361
1639.6	8229
1639.8	8097
1640	8182
1640.2	8240
1640.4	8272
1640.6	8386
1640.8	8512
1641	8345
1641.2	8432
1641.4	8300
1641.6	8298
1641.8	8348
1642	8430
1642.2	8176
1642.4	8405
1642.6	8262
1642.8	8336
1643	8361
1643.2	8275
1643.4	8447
1643.6	8344
1643.8	8346
1644	8174
1644.2	8315
1644.4	8324
1644.6	8242
1644.8	8322
1645	8199
1645.2	8358
1645.4	8204
1645.6	8351
1645.8	8344
1646	8279
1646.2	7783
1646.4	8073
1646.6	8185
1646.8	8337
1647	8291
1647.2	8195
1647.4	8223
1647.6	8354
1647.8	8272
1648	8505
1648.2	8274
1648.4	8232
1648.6	8132
1648.8	8155
1649	8399
1649.2	8236
1649.4	8270
1649.6	8279
1649.8	8276
1650	8273
1650.2	8192
1650.4	8383
1650.6	8188
1650.8	8242
1651	8400
1651.2	8207
1651.4	8187
1651.6	8096
1651.8	8252
1652	8056
1652.2	8101
1652.4	8229
1652.6	8208
1652.8	8107
1653	8103
1653.2	8030
1653.4	8125
1653.6	8119
1653.8	8224
1654	8146
1654.2	8235
1654.4	8303
1654.6	8450
1654.8	8229
1655	8142
1655.2	8125
1655.4	7961
1655.6	8472
1655.8	8250
1656	8149
1656.2	8310
1656.4	8283
1656.6	8196
1656.8	8214
1657	8021
1657.2	8118
1657.4	8256
1657.6	8246
1657.8	8276
1658	8208
1658.2	8110
1658.4	8192
1658.6	8180
1658.8	8152
1659	8246
1659.2	8041
1659.4	8181
1659.6	8211
1659.8	8208
1660	8148
1660.2	8125
1660.4	8103
1660.6	7971
1660.8	8185
1661	8280
1661.2	8003
1661.4	8133
1661.6	8113
1661.8	8069
1662	7848
1662.2	8145
1662.4	8249
1662.6	8085
1662.8	8208
1663	8348
1663.2	8168
1663.4	8112
1663.6	8218
1663.8	7930
1664	8229
1664.2	8228
1664.4	8068
1664.6	8102
1664.8	8224
1665	8127
1665.2	8489
1665.4	8391
1665.6	8309
1665.8	8111
1666	8348
1666.2	8218
1666.4	8294
1666.6	8003
1666.8	8181
1667	8059
1667.2	8237
1667.4	8090
1667.6	8351
1667.8	8369
1668	8178
1668.2	8228
1668.4	8236
1668.6	8071
1668.8	8050
1669	7794
1669.2	8221
1669.4	7938
1669.6	8087
1669.8	8182
1670	8127
1670.2	8313
1670.4	8450
1670.6	8496
1670.8	8133
1671	8219
1671.2	8241
1671.4	8258
1671.6	8036
1671.8	8170
1672	8184
1672.2	8253
1672.4	8342
1672.6	8187
1672.8	8218
1673	8200
1673.2	8187
1673.4	8350
1673.6	8194
1673.8	8180
1674	8262
1674.2	8285
1674.4	7999
1674.6	8090
1674.8	8067
1675	7987
1675.2	8028
1675.4	8056
1675.6	8132
1675.8	8096
1676	8051
1676.2	8103
1676.4	7994
1676.6	8163
1676.8	8114
1677	8304
1677.2	8094
1677.4	8129
1677.6	8127
1677.8	8122
1678	8130
1678.2	7912
1678.4	8253
1678.6	8256
1678.8	8306
1679	8245
1679.2	8426
1679.4	8094
1679.6	8364
1679.8	8179
1680	8403
1680.2	8189
1680.4	8144
1680.6	8136
1680.8	8122
1681	8021
1681.2	7922
1681.4	8021
1681.6	8015
1681.8	8014
1682	8355
1682.2	8249
1682.4	8173
1682.6	7989
1682.8	8002
1683	8235
1683.2	8207
1683.4	7987
1683.6	8136
1683.8	8013
1684	8179
1684.2	8210
1684.4	8228
1684.6	8289
1684.8	8278
1685	8272
1685.2	8252
1685.4	8278
1685.6	8301
1685.8	8149
1686	8257
1686.2	8200
1686.4	8263
1686.6	8125
1686.8	8111
1687	8088
1687.2	8036
1687.4	8293
1687.6	8197
1687.8	8183
1688	8180
1688.2	8143
1688.4	8216
1688.6	8044
1688.8	7969
1689	7862
1689.2	7777
1689.4	8269
1689.6	8092
1689.8	8163
1690	8224
1690.2	8186
1690.4	8262
1690.6	8191
1690.8	8145
1691	8182
1691.2	8240
1691.4	8273
1691.6	8338
1691.8	8242
1692	8250
1692.2	8351
1692.4	8249
1692.6	8180
1692.8	8359
1693	8089
1693.2	8338
1693.4	8066
1693.6	8203
1693.8	8139
1694	8031
1694.2	8171
1694.4	7939
1694.6	8242
1694.8	8236
1695	8239
1695.2	8220
1695.4	8176
1695.6	8136
1695.8	8250
1696	8154
1696.2	8038
1696.4	8114
1696.6	8165
1696.8	8134
1697	7952
1697.2	8225
1697.4	8199
1697.6	8187
1697.8	8145
1698	8388
1698.2	8330
1698.4	8283
1698.6	8255
1698.8	8291
1699	8219
1699.2	8042
1699.4	8224
1699.6	8101
1699.8	8150
1700	8061
