801.48	1075.07
803.174	1081.29
804.867	1086.76
806.562	1088.97
808.254	1086.23
809.946	1092.67
811.638	1091.25
813.33	1095.15
815.021	1097.24
816.712	1096.26
818.402	1091.22
820.092	1095.26
821.784	1106.47
823.474	1106.1
825.163	1108.68
826.852	1109.49
828.541	1098.61
830.229	1110.69
831.917	1117.81
833.605	1107.8
835.292	1110.78
836.979	1113.48
838.666	1109.7
840.352	1112.03
842.038	1106.3
843.724	1118.14
845.41	1121.98
847.095	1120.91
848.78	1127.62
850.464	1129.04
852.148	1127.44
853.83	1121.53
855.514	1124.52
857.197	1128.54
858.88	1131.5
860.563	1127.76
862.245	1130.45
863.927	1123.86
865.609	1124.11
867.29	1134.91
868.969	1137.69
870.65	1135.92
872.33	1146.89
874.01	1141.62
875.69	1143.21
877.368	1144.88
879.047	1148.81
880.726	1153.65
882.404	1152.79
884.083	1153.55
885.758	1155.22
887.436	1160.09
889.113	1156.62
890.79	1160.59
892.465	1163.57
894.141	1153.78
895.817	1162.36
897.493	1177.69
899.166	1164.16
900.842	1167.13
902.516	1173.56
904.189	1175.15
905.863	1171.28
907.537	1174.76
909.208	1172.21
910.882	1182.67
912.554	1181.96
914.225	1176.27
915.897	1176.43
917.567	1175.91
919.239	1181.17
920.91	1177.65
922.579	1177.66
924.25	1181.88
925.918	1181.99
927.589	1197.91
929.256	1196.49
930.926	1199.2
932.595	1194.54
934.262	1206.57
935.93	1198.02
937.597	1187.17
939.264	1195.78
940.93	1208.86
942.597	1204.91
944.262	1205.79
945.929	1211.91
947.593	1202
949.258	1203.19
950.923	1217.28
952.587	1217.48
954.252	1217.84
955.915	1221.15
957.579	1214.33
959.241	1225.95
960.903	1219.45
962.567	1217.59
964.228	1222.6
965.891	1223.1
967.552	1233.06
969.212	1236.27
970.874	1227.73
972.534	1228.1
974.193	1234.83
975.854	1237.58
977.513	1230.26
979.172	1242.8
980.832	1238.71
982.49	1234.19
984.147	1237.38
985.804	1236.1
987.463	1246.24
989.12	1243.53
990.776	1254.97
992.432	1249.18
994.09	1250.73
995.745	1273.09
997.401	1260.18
999.055	1261.83
1000.71	1268.05
1002.37	1256.46
1004.02	1255.7
1005.67	1261.21
1007.33	1269.13
1008.98	1262.2
1010.63	1265.81
1012.29	1276.05
1013.94	1279.58
1015.59	1275.26
1017.24	1278.74
1018.89	1272.83
1020.54	1284.36
1022.19	1291.63
1023.84	1289.82
1025.49	1294.01
1027.14	1298.75
1028.8	1287.91
1030.44	1288.22
1032.09	1294.76
1033.74	1298.65
1035.39	1305.61
1037.04	1312.95
1038.68	1301
1040.33	1311.99
1041.98	1297.92
1043.62	1313.91
1045.27	1317.43
1046.92	1320.62
1048.56	1330.32
1050.21	1324.9
1051.85	1334
1053.5	1334.97
1055.14	1330.8
1056.78	1343.05
1058.43	1336.93
1060.07	1331.78
1061.71	1337.46
1063.36	1342.42
1065	1340.62
1066.64	1344.37
1068.28	1350.98
1069.92	1346.84
1071.57	1354.27
1073.21	1357.78
1074.85	1353.79
1076.49	1348.57
1078.13	1361.28
1079.77	1373.54
1081.41	1371.41
1083.04	1366.75
1084.68	1368.79
1086.32	1387.86
1087.96	1379.13
1089.6	1372.59
1091.23	1377.74
1092.87	1374.04
1094.51	1373.68
1096.14	1382.27
1097.78	1390.55
1099.41	1393.74
1101.05	1402.54
1102.68	1402.15
1104.32	1399.72
1105.95	1405.57
1107.59	1401.14
1109.22	1398.19
1110.86	1398.77
1112.49	1403.52
1114.12	1413.74
1115.75	1415.43
1117.38	1424.64
1119.02	1427.82
1120.65	1432.42
1122.28	1425.08
1123.91	1432.71
1125.54	1432.91
1127.17	1434.01
1128.8	1452.33
1130.43	1451.55
1132.06	1443.67
1133.69	1454.59
1135.32	1452.1
1136.95	1465.62
1138.57	1464.67
1140.2	1465.84
1141.83	1471.53
1143.45	1478.37
1145.08	1484.45
1146.71	1485.11
1148.34	1487.64
1149.96	1493.18
1151.59	1489.13
1153.21	1504.26
1154.84	1500.23
1156.46	1505.61
1158.08	1513.77
1159.71	1511.42
1161.33	1514.83
1162.95	1527.36
1164.58	1528.41
1166.2	1521.45
1167.82	1531.8
1169.45	1533.82
1171.07	1533.56
1172.69	1540.53
1174.31	1547.65
1175.93	1554.13
1177.55	1560.94
1179.17	1569.32
1180.79	1561.59
1182.41	1553.9
1184.03	1571.66
1185.65	1568.03
1187.27	1580.51
1188.88	1582.59
1190.5	1575.38
1192.12	1589.94
1193.74	1586.84
1195.35	1585.69
1196.97	1605.2
1198.59	1595.75
1200.2	1599.55
1201.82	1602.01
1203.43	1607.73
1205.05	1613.03
1206.66	1615.71
1208.28	1627.66
1209.89	1618.59
1211.51	1631.36
1213.12	1625.22
1214.73	1637.71
1216.35	1635.63
1217.96	1642.23
1219.57	1646.01
1221.18	1657.04
1222.79	1651.25
1224.41	1654.14
1226.02	1661.32
1227.63	1662.64
1229.24	1677.49
1230.85	1682.05
1232.46	1672.75
1234.07	1685.82
1235.68	1697.51
1237.28	1705.73
1238.89	1713.45
1240.5	1709.36
1242.11	1716.23
1243.72	1717.95
1245.32	1715.61
1246.93	1730.84
1248.54	1734.44
1250.15	1734.57
1251.75	1743.39
1253.36	1763.23
1254.96	1766.2
1256.57	1760.46
1258.17	1780.81
1259.78	1781.19
1261.38	1790.2
1262.99	1791.91
1264.59	1794.94
1266.19	1804.61
1267.79	1821.98
1269.4	1823.73
1271	1828.87
1272.6	1840.03
1274.2	1849.7
1275.8	1860.18
1277.41	1865.87
1279.01	1868.82
1280.61	1885.52
1282.21	1891.97
1283.81	1895.51
1285.41	1899.56
1287.01	1907.88
1288.61	1913.59
1290.2	1921.84
1291.8	1937.58
1293.4	1944.3
1295	1947.47
1296.59	1967.41
1298.19	1978.37
1299.79	1987.88
1301.39	1999.53
1302.98	2003.35
1304.58	2018
1306.17	2030.84
1307.77	2042.55
1309.36	2049.29
1310.96	2066.49
1312.55	2070.6
1314.14	2074.85
1315.74	2088.51
1317.33	2108.34
1318.93	2112.29
1320.52	2117.67
1322.11	2135.48
1323.7	2149.6
1325.3	2162.13
1326.89	2168.06
1328.48	2176.77
1330.07	2186.27
1331.66	2193.03
1333.25	2206.06
1334.84	2212.02
1336.43	2212.38
1338.02	2208.95
1339.61	2199.43
1341.2	2198.04
1342.78	2199.87
1344.37	2199.71
1345.96	2203.61
1347.55	2207.98
1349.14	2214.22
1350.72	2200.22
1352.31	2179.36
1353.9	2181.16
1355.48	2177.93
1357.07	2173.09
1358.65	2163.15
1360.24	2167.91
1361.32	2165.27
1362.91	2157.46
1364.5	2164.05
1366.08	2154.14
1367.67	2135.76
1369.26	2116.89
1370.84	2100.4
1372.43	2104.08
1374.01	2099.07
1375.6	2096.53
1377.18	2088.31
1378.77	2084.45
1380.35	2071.61
1381.94	2078.44
1383.52	2069.68
1385.1	2038.39
1386.69	2045.74
1388.27	2050.83
1389.85	2043.87
1391.43	2027.91
1393.02	2023.3
1394.6	2009.92
1396.18	2012.63
1397.76	1997.59
1399.34	1989.92
1400.92	2002.82
1402.5	1988.73
1404.08	1974.3
1405.66	1986.41
1407.24	1991.82
1408.82	1967.95
1410.4	1961.21
1411.97	1959.9
1413.55	1954.2
1415.13	1965.81
1416.71	1947.07
1418.28	1944.15
1419.86	1940.95
1421.44	1930.13
1423.01	1936.47
1424.59	1940.28
1426.16	1919.16
1427.74	1915.81
1429.31	1908.09
1430.89	1923.24
1432.46	1921
1434.04	1916.85
1435.61	1909.58
1437.18	1924.8
1438.76	1917.71
1440.33	1917.34
1441.9	1902.34
1443.47	1911.86
1445.04	1901.09
1446.62	1897.68
1448.19	1908.11
1449.76	1901.78
1451.33	1907.99
1452.9	1899.85
1454.47	1896.73
1456.04	1904.31
1457.61	1895.54
1459.18	1900.94
1460.75	1904.04
1462.32	1895.28
1463.88	1901.29
1465.45	1901.42
1467.02	1896.76
1468.59	1903.51
1470.15	1900.06
1471.72	1896.52
1473.29	1892.67
1474.85	1901.25
1476.42	1898.93
1477.98	1928.47
1479.55	1920.61
1481.12	1906.71
1482.68	1904.49
1484.24	1892.64
1485.81	1913.85
1487.37	1928.62
1488.94	1898.46
1490.5	1909.31
1492.06	1909.58
1493.63	1925.39
1495.19	1914.59
1496.75	1928.41
1498.31	1915.32
1499.87	1921.34
1501.43	1920.92
1502.99	1924.54
1504.55	1918.4
1506.12	1930.1
1507.67	1909.45
1509.23	1909.82
1510.79	1939.13
1512.35	1933.19
1513.91	1936.09
1515.47	1929.96
1517.03	1945.38
1518.59	1945.89
1520.14	1936.6
1521.7	1946.79
1523.26	1950.27
1524.81	1958.16
1526.37	1938.23
1527.93	1958.42
1529.48	1945.88
1531.04	1955.33
1532.59	1985.91
1534.15	1958.19
1535.7	1970.14
1537.26	1968.98
1538.81	1972.06
1540.36	1984.58
1541.92	1986.09
1543.47	2000.75
1545.02	1991.44
1546.58	1989.52
1548.13	2013.87
1549.68	2008.4
1551.23	2036.1
1552.78	2019.6
1554.33	2033.35
1555.88	2034.27
1557.43	2065.1
1558.99	2065.86
1560.54	2087.3
1562.08	2069.31
1563.63	2084.37
1565.18	2099.19
1566.73	2097.1
1568.28	2112.38
1569.83	2122.7
1571.38	2122.48
1572.92	2148.6
1574.47	2160.42
1576.02	2178.32
1577.56	2180.32
1579.11	2193.5
1580.66	2214.94
1582.2	2223.99
1583.75	2235.66
1585.29	2246.21
1586.84	2257.49
1588.38	2279.97
1589.93	2282.91
1591.47	2308.53
1593.01	2305.94
1594.56	2329.34
1596.1	2313.44
1597.64	2329.08
1599.19	2336.52
1600.73	2348.06
1602.27	2347.89
1603.81	2351.1
1605.35	2328.4
1606.89	2352.99
1608.43	2338.53
1609.98	2323.87
1611.52	2317.24
1613.06	2301.68
1614.59	2303.47
1616.13	2258.72
1617.67	2245.95
1619.21	2225.43
1620.75	2194.09
1622.29	2158.01
1623.83	2113.74
1625.36	2073.12
1626.9	2063.23
1628.44	2021.81
1629.98	2009.29
1631.51	1971.64
1633.05	1927.96
1634.58	1926.45
1636.12	1904.08
1637.65	1864.31
1639.19	1868.39
1640.72	1869.36
1642.26	1843.35
1643.79	1812.91
1645.33	1829.29
1646.86	1807.99
1648.39	1789.33
1649.93	1771.52
1651.46	1771.04
1652.99	1767.39
1654.52	1761.93
1656.06	1752.76
1657.59	1750.17
1659.12	1737.42
1660.65	1722.48
1662.18	1723.27
1663.71	1719.76
1665.24	1696.36
1666.77	1697.9
1668.3	1686.08
1669.83	1688.73
1671.36	1697.16
1672.89	1680.2
1674.41	1667.33
1675.94	1680.82
1677.47	1668.86
1679	1656.84
1680.52	1652.55
1682.05	1662.8
1683.58	1656.86
1685.1	1654.07
1686.63	1647.11
1688.15	1651.19
1689.68	1653.7
1691.2	1644.8
1692.73	1639.26
1694.26	1635.03
1695.78	1626.15
1697.3	1630.59
1698.83	1634.27
1700.35	1624.72
1701.87	1636.12
1703.4	1615.86
1704.92	1608.97
1706.44	1603.17
1707.96	1617.43
1709.49	1609.58
1711.01	1611.02
1712.53	1607.08
1714.05	1606.93
1715.57	1597.62
1717.09	1601.67
1718.61	1608.53
1720.13	1594.01
1721.65	1599.17
1723.17	1588.75
1724.69	1587.54
1726.21	1589.02
1727.72	1588.76
1729.24	1576.61
1730.76	1578.83
1732.28	1589.58
1733.79	1581.96
1735.31	1577.43
1736.83	1575.34
1738.34	1572.87
1739.86	1576.37
1741.37	1582.95
1742.89	1579.6
1744.4	1575.6
1745.92	1565.56
1747.43	1569.24
1748.95	1570.25
1750.46	1567.48
1751.98	1569.14
1753.49	1559.16
1755	1560.15
1756.52	1562.72
1758.03	1561.78
1759.54	1555.7
1761.05	1565.97
1762.56	1557.12
1764.07	1550.02
1765.59	1543.83
1767.1	1547.08
1768.61	1545.55
1770.12	1543.58
1771.63	1538.27
1773.14	1545.6
1774.65	1542.44
1776.16	1540.68
1777.67	1530.17
1779.17	1536.68
1780.68	1554.03
1782.19	1542.58
1783.7	1520.12
1785.21	1518.15
1786.71	1524.64
1788.22	1521.43
1789.73	1524.87
1791.23	1528.38
1792.74	1525.66
1794.25	1517
1795.75	1519.89
1797.25	1515.71
1798.76	1518.18
1800.26	1518.51
1801.77	1510.1
1803.27	1511.24
1804.78	1512.14
1806.28	1507.84
1807.78	1509.04
1809.29	1510.19
1810.79	1499.71
1812.29	1499.36
1813.79	1505.74
1815.29	1498.71
1816.8	1496.2
1818.3	1501.89
1819.8	1498.68
1821.3	1497.68
1822.8	1489.06
1824.3	1496.58
1825.8	1495.03
1827.3	1501.88
1828.8	1490.26
1830.3	1482.85
1831.8	1480.61
1833.3	1476.83
1834.79	1480.76
1836.29	1482.13
1837.79	1487.39
1839.29	1484.93
1840.78	1482.82
1842.28	1482.89
1843.78	1471.33
1845.27	1466.42
1846.77	1471.31
1848.26	1470.46
1849.76	1465.91
1851.25	1469.82
1852.75	1461.99
1854.24	1467.21
1855.74	1459.74
1857.23	1457.76
1858.73	1460.72
1860.22	1465.19
1861.71	1452.91
1863.2	1458.61
1864.7	1456.22
1866.19	1450.91
1867.68	1447.2
1869.17	1454.68
1870.67	1450.12
1872.16	1451.95
1873.65	1455.84
1875.14	1457.8
1876.63	1438.14
1878.12	1439.98
1879.61	1438.74
1881.1	1439.7
1882.59	1431.03
1884.07	1430.16
1884.62	1426.58
1886.12	1412.61
1887.61	1430.52
1889.1	1423.54
1890.59	1429.96
1892.08	1418.91
1893.57	1415.8
1895.06	1421.23
1896.55	1416.64
1898.04	1418.49
1899.53	1419.05
1901.01	1417.58
1902.5	1412.32
1903.99	1412.72
1905.48	1409.17
1906.97	1405.44
1908.45	1407.09
1909.94	1402.11
1911.43	1390.33
1912.91	1410.2
1914.4	1400.8
1915.88	1400.96
1917.37	1416.45
1918.86	1411.41
1920.34	1389.9
1921.83	1395.22
1923.31	1408.89
1924.79	1392.2
1926.28	1399.19
1927.76	1395.72
1929.25	1381.08
1930.73	1381.36
1932.21	1385.69
1933.69	1375.37
1935.18	1376.97
1936.66	1376.02
1938.14	1374.86
1939.62	1378.76
1941.1	1369.42
1942.58	1384.38
1944.06	1366.97
1945.54	1372.15
1947.02	1360.89
1948.5	1358.8
1949.98	1371.87
1951.46	1354.27
1952.94	1350.96
1954.42	1365.52
1955.9	1356.74
1957.38	1350.98
1958.85	1343.3
1960.33	1352.18
1961.81	1343.42
1963.29	1353.57
1964.76	1356.06
1966.24	1346.25
1967.72	1350.8
1969.19	1349.1
1970.67	1349.03
1972.14	1341.63
1973.62	1342.33
1975.09	1338.71
1976.57	1340.63
1978.04	1336.4
1979.52	1333.83
1980.99	1333.52
1982.46	1336.09
1983.94	1330.8
1985.41	1315.5
1986.88	1324.63
1988.36	1324.31
1989.83	1328.27
1991.3	1316.86
1992.77	1326.06
1994.24	1327.68
1995.71	1323.88
1997.18	1322.17
1998.66	1318.19
2000.13	1314.68
2001.59	1310.01
2003.06	1305.87
2004.53	1301.84
2006	1296.63
2007.47	1303.67
2008.94	1299.99
2010.41	1300.8
2011.88	1294.66
2013.34	1293.54
2014.81	1305.17
2016.28	1295.78
2017.75	1299.73
2019.21	1297.23
2020.68	1293.5
2022.15	1301.95
2023.61	1291.36
2025.08	1285.04
2026.54	1285.99
2028.01	1285.19
2029.47	1284.58
2030.94	1283.57
2032.4	1278.51
2033.87	1273.8
2035.33	1269.01
2036.79	1260.96
2038.26	1270.6
2039.72	1271.25
2041.18	1275.97
2042.64	1274.12
2044.11	1255.89
2045.57	1256.32
2047.03	1263.79
2048.49	1263.81
2049.95	1262.84
2051.41	1272.01
2052.87	1254.53
2054.33	1260.91
2055.79	1244.83
2057.25	1246.49
2058.71	1260.19
2060.17	1258.23
2061.63	1239.89
2063.09	1240.71
2064.55	1231.28
2066.01	1239.57
2067.46	1245.76
2068.92	1233.25
2070.38	1234
2071.83	1241.28
2073.29	1232.07
2074.75	1226.03
2076.2	1223.49
2077.66	1223.14
2079.12	1224.03
2080.57	1219.01
2082.03	1224.81
2083.48	1211.92
2084.93	1220.93
2086.39	1219.07
2087.84	1212.06
2089.3	1203.12
2090.75	1210.86
2092.2	1209.81
2093.66	1214.22
2095.11	1213.85
2096.56	1207.28
2098.01	1215.24
2099.47	1209.85
2100.92	1206.09
2102.37	1197.74
2103.82	1207.78
2105.27	1203.8
2106.72	1201.23
2108.17	1192.53
2109.62	1178.74
2111.07	1186.11
2112.52	1192.78
2113.97	1191.87
2115.42	1183.3
2116.87	1180.19
2118.32	1184.97
2119.76	1172.35
2121.21	1173.41
2122.66	1171.12
2124.11	1178.61
2125.55	1178.21
2127	1165.33
2128.45	1160.37
2129.89	1170.71
2131.34	1167.94
2132.78	1167.05
2134.23	1171.62
2135.68	1160.06
2137.12	1163.93
2138.57	1162.02
2140.01	1151.25
2141.45	1147.25
2142.9	1152.92
2144.34	1160.78
2145.79	1153.64
2147.23	1148.43
2148.67	1139.19
2150.11	1140.59
2151.56	1137.13
2153	1144.62
2154.44	1128.03
2155.88	1122.64
2157.32	1134.43
2158.76	1137.33
2160.21	1132.26
2161.65	1132.75
2163.09	1132.68
2164.52	1130.29
2165.96	1131.21
2167.4	1137.95
2168.84	1125.36
2170.28	1130.19
2171.72	1136.3
2173.16	1123.9
2174.6	1116.3
2176.03	1123.65
2177.47	1117.42
2178.91	1120.03
2180.35	1110.04
2181.78	1108.15
2183.22	1111.46
2184.66	1109.39
2186.09	1106.1
2187.53	1097.29
2188.96	1104.3
2190.4	1096.37
2191.83	1098.51
2193.27	1103.25
2194.7	1095.31
2196.14	1090.91
2197.57	1092.62
2199.01	1089.44
2200.44	1091.98
2201.87	1086.45
2203.3	1091.76
2204.74	1072.83
2206.17	1080.56
2207.6	1081.9
2209.03	1079.58
2210.46	1079.87
2211.89	1074.96
2213.33	1073.23
2214.76	1071.67
2216.19	1073.8
2217.62	1058.64
2219.05	1064.73
2220.48	1065.61
2221.91	1063.24
2223.34	1057.88
2224.77	1051.22
2226.19	1062.45
2227.62	1067.25
2229.05	1060.05
2230.48	1058.94
2231.9	1061.02
2233.33	1049.09
2234.76	1048.1
2236.19	1040.56
2237.61	1045.96
2239.04	1044.02
2240.47	1037
2241.89	1038.32
2243.32	1045.19
2244.74	1043.48
2246.17	1044.41
2247.59	1039.84
2249.02	1040.74
2250.44	1028.24
2251.86	1026.76
2253.29	1032.82
2254.71	1032.7
2256.13	1031.04
2257.56	1037.24
2258.98	1017.96
2260.4	1021.6
2261.82	1014.58
2263.25	1018.35
2264.67	1012.1
2266.09	1026.31
2267.51	1020.36
2268.93	1014.69
2270.35	1016.79
2271.77	1003.07
2273.19	1004.51
2274.61	1007.4
2276.03	1010.96
2277.45	1012.14
2278.87	1003.95
2280.29	996.131
2281.71	998.998
2283.13	992.313
2284.54	991.586
2285.96	990.416
2287.38	990.373
2288.79	996.833
2290.21	998.384
2291.63	993.794
2293.05	995.679
2294.46	985.093
2295.88	976.945
2297.29	993.029
2298.71	981.64
2300.12	984.614
2301.54	983.95
2302.95	968.502
2304.37	977.967
2305.78	966.751
2307.19	966.276
2308.61	973.048
2310.02	962.814
2311.43	973.354
2312.85	968.849
2314.26	958.544
2315.67	961.192
2317.08	955.893
2318.5	956.822
2319.91	956.218
2321.32	958.651
2322.73	956.135
2324.14	964.19
2325.55	950
2326.96	961.059
2328.37	951.672
2329.78	946.746
2331.19	946.897
2332.6	944.446
2334.01	951.112
2335.42	947.919
2336.83	941.085
2338.23	941.77
2339.64	949.92
2341.05	932.107
2342.46	938.837
2343.86	934.105
2345.27	924.54
2346.68	938.545
2348.09	932.683
2349.49	932.519
2350.9	928.41
2352.3	929.286
2353.71	922.38
2355.11	924.572
2356.52	933.667
2357.92	915.874
2359.33	914.488
2360.73	923.126
2362.14	915.86
2363.54	924.995
2364.94	919.765
2366.35	918.884
2367.75	913.616
2369.15	911.735
2370.55	895.558
2371.95	915.239
2373.36	907.644
2374.76	914.24
2376.16	907.136
2377.56	903.976
2378.96	900.016
2379.03	899.819
2380.43	906.949
2381.83	895.118
2383.24	901.869
2384.64	895.951
2386.04	897.551
2387.44	895.12
2388.84	884.692
2390.24	890.508
2391.65	890.688
2393.05	883.338
2394.45	886.164
2395.85	885.387
2397.25	878.767
2398.65	881.582
2400.05	881.199
2401.45	876.441
2402.85	880.371
2404.25	873.231
2405.64	880.429
2407.04	875.596
2408.44	867.803
2409.84	873.755
2411.24	880.621
2412.63	878.478
2414.03	878.941
2415.43	873.25
2416.82	874.337
2418.22	872.558
2419.62	868.297
2421.01	868.115
2422.41	870.73
2423.8	865.425
2425.2	860.196
2426.59	858.457
2427.99	853.627
2429.38	865.087
2430.78	859.487
2432.17	847.562
2433.56	851.554
2434.96	854.999
2436.35	843.083
2437.74	837.668
2439.14	846.307
2440.53	855.81
2441.92	852.041
2443.31	846.532
2444.7	836.89
2446.1	839.735
2447.49	853.153
2448.88	841.71
2450.27	840.986
2451.66	843.144
2453.05	837.336
2454.44	831.966
2455.83	836.973
2457.22	832.933
2458.61	841.424
2459.99	843.269
2461.38	836.956
2462.77	833.305
2464.16	835.886
2465.55	833.282
2466.94	829.538
2468.32	825.025
2469.71	823.524
2471.1	834.559
2472.48	824.717
2473.87	820.027
2475.26	828.238
2476.64	814.286
2478.03	825.463
2479.41	826.649
2480.8	821.866
2482.18	820.576
2483.57	821.067
2484.95	819.544
2486.34	817.671
2487.72	822.71
2489.1	823.65
2490.49	823.963
2491.87	823.93
2493.25	817.969
2494.64	817.785
2496.02	815.026
2497.4	806.994
2498.78	810.988
2500.16	811.199
2501.55	811.06
2502.93	814.636
2504.31	806.702
2505.69	803.476
2507.07	813.971
2508.45	806.416
2509.83	800.964
2511.21	799.606
2512.59	805.207
2513.97	805.996
2515.35	797.926
2516.72	802.505
2518.1	794.682
2519.48	795.504
2520.86	802.422
2522.24	797.695
2523.61	794.274
2524.99	796.571
2526.37	792.182
2527.75	792.355
2529.12	790.954
2530.5	786.846
2531.87	797.284
2533.25	791.978
2534.62	794.596
2536	783.807
2537.37	784.476
2538.75	789.141
2540.12	788.561
2541.5	791.358
2542.87	789.687
2544.25	791.808
2545.62	791.644
2546.99	789.934
2548.36	787.742
2549.74	788.791
2551.11	785.603
2552.48	786.988
2553.85	778.892
2555.23	770.976
2556.6	780.819
2557.97	769.68
2559.34	772.88
2560.71	770.261
2562.08	773.858
2563.45	773.135
2564.82	777.956
2566.19	765.992
2567.56	767.439
2568.93	764.386
2570.3	761.566
2571.67	772.285
2573.04	775.061
2574.4	765.207
2575.77	765.559
2577.14	765.391
2578.51	764.312
2579.88	772.263
2581.24	761.757
2582.61	766.068
2583.98	758.198
2585.34	764.646
2586.71	755.265
2588.08	758.485
2589.44	763.316
2590.8	751.357
2592.17	749.058
2593.54	756.269
2594.9	760.796
2596.27	762.068
2597.63	753.167
2598.99	752.884
2600.36	761.304
2601.72	761.518
2603.08	759.203
2604.45	756.057
2605.81	752.774
2607.17	757.291
2608.53	747.702
2609.89	746.415
2611.26	752.147
2612.62	758.186
2613.98	760.669
2615.34	757.258
2616.7	754.339
2618.06	742.744
2619.42	748.711
2620.78	745.393
2622.14	756.869
2623.5	752.901
2624.86	757.808
2626.22	753.927
2627.58	745.777
2628.94	745.805
2630.29	743.849
2631.65	738.285
2633.01	742.589
2634.37	750.712
2635.73	745.428
2637.08	745.065
2638.44	740.049
2639.8	742.227
2641.15	743.303
2642.51	740.608
2643.87	733.11
2645.22	737.726
2646.58	739.259
2647.93	737.481
2649.29	743.985
2650.64	735.313
2652	733.749
2653.35	741.531
2654.7	733.526
2656.06	734.8
2657.41	735.162
2658.76	737.637
2660.12	733.464
2661.47	731.037
2662.82	732.051
2664.17	734.894
2665.53	733.676
2666.88	735.319
2668.23	733.219
2669.58	730.65
2670.93	728.919
2672.28	729.758
2673.63	733.622
2674.98	732.536
2676.33	734.237
2677.68	730.36
2679.03	725.702
2680.38	728.78
2681.73	722.17
2683.08	723.189
2684.43	722.08
2685.78	720.263
2687.13	724.059
2688.47	723.171
2689.82	721.111
2691.17	714.532
2692.52	716.266
2693.86	713.482
2695.21	721.855
2696.56	714.042
2697.9	714.727
2699.25	718.588
2700.59	717.718
2701.94	713.457
2703.29	722.19
2704.63	713.487
2705.98	711.232
2707.32	711.589
2708.67	710.453
2710.01	711.671
2711.35	716.706
2712.7	708.713
2714.04	704.847
2715.38	703.78
2716.73	700.411
2718.07	706.245
2719.41	705.121
2720.75	700.787
2722.09	701.832
2723.44	703.84
2724.78	700.792
2726.12	697.827
2727.46	694.861
2728.8	695.898
2730.14	692.618
2731.48	693.01
2732.82	695.514
2734.16	697.894
2735.5	690.902
2736.84	691.794
2738.18	696.481
2739.52	690.686
2740.86	692.151
2742.2	690.145
2743.53	686.395
2744.87	686.9
2746.21	689.999
2747.55	695.25
2748.88	694.268
2750.22	686.668
2751.56	692.694
2752.89	684.018
2754.23	684.876
2755.57	689.091
2756.9	684.971
2758.24	685.616
2759.57	681.804
2760.91	680.393
2762.24	680.503
2763.58	673.001
2764.91	674.553
2766.25	675.085
2767.58	684.675
2768.91	677.352
2770.25	679.881
2771.58	680.596
2772.91	675.656
2774.25	671.011
2775.58	674.43
2776.91	675.564
2778.24	674.374
2779.57	673.774
2780.91	669.345
2782.24	661.92
2783.57	660.56
2784.9	665.684
2786.23	670.093
2787.56	666.622
2788.89	661.489
2790.22	661.615
2791.55	670.665
2792.88	666.549
2794.21	660.514
2795.54	663.907
2796.87	661.534
2798.19	664.416
2799.52	663.154
2800.85	659.92
2802.18	660.523
2803.51	654.735
2804.83	659.511
2806.16	661.861
2807.49	659.256
2808.81	658.883
2810.14	659.669
2811.47	662.725
2812.79	658.188
2814.12	657.66
2815.44	658.433
2816.77	657.463
2818.09	658.662
2819.42	658.902
2820.74	656.668
2822.07	652.443
2823.39	651.343
2824.71	646.997
2826.04	648.802
2827.36	649.79
2828.68	647.176
2830.01	641.19
2831.33	641.701
2832.65	655.132
2833.97	660.56
2835.3	656.127
2836.62	653.604
2837.94	654.303
2839.26	647.376
2840.58	642.405
2841.9	644.173
2843.22	642.741
2844.07	643.788
2845.39	647.402
2846.71	640.599
2848.04	648.132
2849.36	647.434
2850.68	639.776
2852	640.067
2853.32	636.43
2854.65	644.022
2855.97	640.134
2857.29	639.812
2858.61	637.117
2859.93	634.834
2861.25	640.36
2862.57	639.417
2863.89	642.304
2865.21	639.861
2866.52	644.404
2867.84	644.594
2869.16	629.91
2870.48	627.236
2871.8	636.49
2873.12	643.201
2874.43	639.185
2875.75	630.433
2877.07	638.213
2878.39	629.166
2879.7	624.359
2881.02	635.802
2882.34	629.961
2883.65	639.491
2884.97	637.072
2886.28	634.201
2887.6	629.53
2888.91	623.569
2890.23	623.622
2891.54	635.002
2892.86	632.181
2894.17	621.87
2895.48	627.025
2896.8	641.54
2898.11	629.605
2899.42	623.376
2900.74	625.13
2902.05	620.756
2903.36	629.06
2904.68	625.308
2905.99	629.299
2907.3	629.561
2908.61	623.576
2909.92	629.783
2911.23	625.218
2912.54	613.814
2913.85	629.582
2915.17	626.461
2916.48	623.356
2917.78	627.415
2919.1	625.894
2920.4	615.622
2921.71	618.648
2923.02	609.201
2924.33	622.497
2925.64	615.253
2926.95	610.958
2928.26	615.063
2929.57	618.06
2930.87	616.094
2932.18	629.388
2933.49	607.071
2934.79	618.321
2936.1	609.773
2937.41	611.411
2938.72	609.433
2940.02	614.586
2941.33	613.674
2942.63	599.715
2943.94	605.012
2945.24	608.365
2946.55	602.074
2947.85	606.342
2949.16	599.322
2950.46	599.239
2951.77	599.57
2953.07	597.441
2954.37	611.308
2955.68	593.265
2956.98	597.818
2958.28	597.629
2959.58	590.766
2960.89	603.031
2962.19	599.469
2963.49	602.657
2964.79	590.948
2966.09	592.28
2967.4	587.694
2968.7	589.523
2970	591.166
2971.3	586.601
2972.6	583.034
2973.9	579.787
2975.2	579.419
2976.5	578.897
2977.8	589.959
2979.1	581.874
2980.4	587.663
2981.7	585.743
2982.99	578.86
2984.29	579.782
2985.59	574.258
2986.89	568.705
2988.19	578.327
2989.48	578.761
2990.78	574.217
2992.08	572.262
2993.37	568.51
2994.67	574.37
2995.97	579.836
2997.26	568.052
2998.56	570.757
2999.85	565.203
3001.15	562.018
3002.45	565.702
3003.74	562.323
3005.04	562.947
3006.33	560.407
3007.62	556.5
3008.92	569.02
3010.21	556.322
3011.51	554.983
3012.8	552.276
3014.09	556.442
3015.39	553.076
3016.68	554.07
3017.97	548.982
3019.26	551.285
3020.55	547.018
3021.85	550.588
3023.14	545.489
3024.43	543.764
3025.72	551.648
3027.01	544.851
3028.3	546.376
3029.59	538.88
3030.88	538.692
3032.17	541.677
3033.46	538.749
3034.75	540.876
3036.04	543.816
3037.33	536.72
3038.62	539.416
3039.91	538.807
3041.2	535.162
3042.49	529.539
3043.77	526.808
3045.06	528.759
3046.35	535.102
3047.64	530.518
3048.92	527.737
3050.21	533.427
3051.5	527.602
3052.78	520.653
3054.07	527.346
3055.35	529.177
3056.64	525.052
3057.93	525.212
3059.21	524.245
3060.5	523.298
3061.78	523.421
3063.07	518.694
3064.35	525.365
3065.64	521.499
3066.92	520.995
3068.2	518.728
3069.49	520.146
3070.77	516.388
3072.05	517.4
3073.33	516.837
3074.62	512.271
3075.9	517.728
3077.18	517.249
3078.46	515.701
3079.75	514.462
3081.03	516.882
3082.31	510.981
3083.59	511.533
3084.87	513.405
3086.15	509.61
3087.43	509.175
3088.71	510.438
3089.99	511.338
3091.27	506.232
3092.55	511.448
3093.83	507.715
3095.11	508.13
3096.39	503.808
3097.67	510.666
3098.94	502.424
3100.22	500.502
3101.5	505.082
3102.78	503.164
3104.06	501.971
3105.33	501.372
3106.61	503.823
3107.89	496.753
3109.16	496.495
3110.44	499.855
3111.72	497.119
3112.99	501.935
3114.27	500.412
3115.54	490.889
3116.82	491.509
3118.09	495.04
3119.37	489.096
3120.64	498.927
3121.92	498.628
3123.19	488.819
3124.47	489.618
3125.74	489.958
3127.01	492.903
3128.29	486.066
3129.56	485.134
3130.83	480.593
3132.11	488.119
3133.38	491.267
3134.65	479.393
3135.92	483.842
3137.19	486.563
3138.47	484.724
3139.74	488.802
3141.01	488.461
3142.28	487.498
3143.55	485.499
3144.82	485.787
3146.09	485.357
3147.36	491.081
3148.63	475.375
3149.9	477.196
3151.17	476.096
3152.44	480.212
3153.71	479.284
3154.98	472.201
3156.24	486.429
3157.51	477.825
3158.78	477.225
3160.05	482.467
3161.32	478.605
3162.58	480.058
3163.85	476.501
3165.12	476.874
3166.38	472.677
3167.65	474.233
3168.92	477.49
3170.18	473.282
3171.45	468.737
3172.71	472.953
3173.98	472.754
3175.24	465.54
3176.51	466.486
3177.77	477.017
3179.04	472.714
3180.3	475.89
3181.57	469.185
3182.83	467.166
3184.09	465.446
3185.36	470.19
3186.62	470.831
3187.88	466.047
3189.15	468.129
3190.41	467.451
3191.67	469.894
3192.93	468.291
3194.2	459.563
3195.46	458.996
3196.72	456.51
3197.98	454.466
3199.24	462.247
3200.5	459.614
3201.76	459.353
3203.02	459.577
3204.28	457.821
3205.54	456.059
3206.8	457.414
3208.06	458.161
3209.32	461.987
3210.58	460.86
3211.84	458.966
3213.1	457.243
3214.36	454.549
3215.62	452.431
3216.87	450.927
3218.13	449.158
3219.39	449.164
3220.64	447.469
3221.9	450.173
3223.16	451.972
3224.42	449.907
3225.67	443.94
3226.93	445.988
3228.18	447.76
3229.44	447.611
3230.7	447.473
3231.95	446.182
3233.21	444.099
3234.46	432.832
3235.72	435.414
3236.97	447
3238.23	439.051
3239.48	435.965
3240.73	442.201
3241.99	438.855
3243.24	436.858
3244.49	436.47
3245.75	435.108
3247	435.175
3248.25	433.231
3249.5	431.981
3250.76	434.573
3252.01	428.412
3253.26	427.825
3254.51	432.714
3255.76	429.675
3257.01	428.043
3258.26	426.966
3259.51	421.629
3260.77	422.489
3262.02	421.033
3263.27	420.541
3264.52	420.502
3265.77	424.691
3267.02	424.482
3268.26	425.449
3269.51	422.659
3270.76	418.796
3272.01	420.335
3273.26	417.997
3274.51	419.688
3275.75	420.835
3277	417.684
3278.25	421.127
3279.5	421.191
3280.74	413.084
3281.99	412.952
3283.24	416.892
3283.86	416.602
3285.11	415.457
3286.36	412.181
3287.61	414.313
3288.86	412.18
3290.1	410.527
3291.35	414.163
3292.6	418.008
3293.85	414.401
3295.09	413.525
3296.34	408.105
3297.59	408.725
3298.83	409.028
3300.08	412.115
3301.33	411.957
3302.57	412.369
3303.82	416.119
3305.06	410.799
3306.31	411.905
3307.55	408.914
3308.8	405.365
3310.04	405.69
3311.29	407.512
3312.53	409.043
3313.77	405.637
3315.02	409.552
3316.26	407.833
3317.5	406.055
3318.75	406.424
3319.99	395.661
3321.23	406.609
3322.48	412.413
3323.72	407.343
3324.96	409.32
3326.2	407.648
3327.44	405.956
3328.68	405.937
3329.92	407.894
3331.16	403.255
3332.41	405.792
3333.65	407.028
3334.89	402.804
3336.13	400.201
3337.37	399.497
3338.61	402.216
3339.85	408.035
3341.08	406.605
3342.32	406.999
3343.56	403.898
3344.8	401.228
3346.04	400.948
3347.28	404.862
3348.52	403.11
3349.75	404.797
3350.99	397.242
3352.23	398.302
3353.46	405.073
3354.7	404.691
3355.94	397.556
3357.17	395.864
3358.41	400.546
3359.65	399.899
3360.88	399.83
3362.12	404.179
3363.35	404.992
3364.59	405.579
3365.82	397.945
3367.06	398.807
3368.29	393.87
3369.53	395.002
3370.76	399.927
3371.99	396.594
3373.23	400.241
3374.46	392.302
3375.69	392.391
3376.93	396.397
3378.16	393.854
3379.39	393.903
3380.63	397.51
3381.86	397.176
3383.09	395.061
3384.32	394.788
3385.55	391.307
3386.79	398.862
3388.02	398.078
3389.25	390.949
3390.48	394.997
3391.71	395.714
3392.94	395.997
3394.17	391.864
3395.4	392.77
3396.63	393.351
3397.86	388.686
3399.09	394.279
3399.12	376.38
