801.48	650.8
803.174	655.558
804.867	655.038
806.562	656.548
808.254	655.938
809.946	654.537
811.638	653.441
813.33	660.884
815.021	648.782
816.712	658.897
818.402	655.31
820.092	650.896
821.784	652.982
823.474	666.314
825.163	656.757
826.852	656.018
828.541	658.108
830.229	660.031
831.917	659.548
833.605	667.138
835.292	657.549
836.979	650.783
838.666	662.783
840.352	659.812
842.038	663.065
843.724	664.591
845.41	662.4
847.095	658.234
848.78	663.694
850.464	659.234
852.148	660.562
853.83	663.748
855.514	658.619
857.197	668.107
858.88	667.149
860.563	658.748
862.245	664.708
863.927	660.811
865.609	661.949
867.29	659.115
868.969	665.418
870.65	664.773
872.33	662.149
874.01	669.095
875.69	670.038
877.368	676.721
879.047	679.229
880.726	680.963
882.404	680.028
884.083	679.735
885.758	687.195
887.436	685.649
889.113	683.957
890.79	687.32
892.465	689.464
894.141	685.251
895.817	692.356
897.493	687.072
899.166	682.803
900.842	680.606
902.516	687.836
904.189	684.739
905.863	687.194
907.537	688.29
909.208	683.162
910.882	684.494
912.554	691.415
914.225	693.296
915.897	689.755
917.567	696.287
919.239	699.08
920.91	700.253
922.579	699.016
924.25	696.977
925.918	696.224
927.589	694.047
929.256	694.12
930.926	701.224
932.595	697.996
934.262	697.438
935.93	702.08
937.597	700.031
939.264	705.579
940.93	704.38
942.597	706.745
944.262	704.339
945.929	705.44
947.593	713.444
949.258	719.254
950.923	726.95
952.587	717.111
954.252	711.372
955.915	715.429
957.579	718.26
959.241	723.443
960.903	726.771
962.567	727.109
964.228	737.704
965.891	738.375
967.552	727.971
969.212	734.682
970.874	737.431
972.534	737.008
974.193	747.403
975.854	749.117
977.513	754.607
979.172	759.278
980.832	754.642
982.49	755.362
984.147	759.187
985.804	759.751
987.463	764.71
989.12	766.573
990.776	771.783
992.432	769.78
994.09	768.281
995.745	763.567
997.401	773.907
999.055	765.956
1000.71	774.898
1002.37	777.307
1004.02	780.545
1005.67	780.975
1007.33	781.836
1008.98	789.491
1010.63	789.457
1012.29	791.042
1013.94	793.464
1015.59	798.827
1017.24	797.846
1018.89	800.021
1020.54	796.695
1022.19	798.003
1023.84	806.447
1025.49	814.351
1027.14	816.381
1028.8	819.166
1030.44	817.378
1032.09	815.15
1033.74	830.059
1035.39	822.918
1037.04	825.144
1038.68	832.117
1040.33	834.144
1041.98	834.393
1043.62	838.975
1045.27	851.637
1046.92	850.467
1048.56	851.924
1050.21	856.598
1051.85	864.76
1053.5	863.355
1055.14	875.422
1056.78	873.582
1058.43	882.157
1060.07	884.131
1061.71	884.239
1063.36	890.465
1065	890.438
1066.64	897.675
1068.28	896.153
1069.92	900.974
1071.57	900.094
1073.21	903.742
1074.85	924.947
1076.49	923.681
1078.13	923.298
1079.77	932.735
1081.41	937.641
1083.04	937.028
1084.68	938.597
1086.32	947.8
1087.96	942.676
1089.6	948.796
1091.23	951.34
1092.87	956.634
1094.51	965.335
1096.14	963.596
1097.78	976.175
1099.41	982.24
1101.05	986.658
1102.68	1001.81
1104.32	997.659
1105.95	1000.87
1107.59	1010.94
1109.22	1007.65
1110.86	1018
1112.49	1020.28
1114.12	1019.87
1115.75	1027.75
1117.38	1043.2
1119.02	1046.29
1120.65	1056.15
1122.28	1056.05
1123.91	1063.69
1125.54	1078.77
1127.17	1081.35
1128.8	1081.31
1130.43	1092.92
1132.06	1096.2
1133.69	1109.04
1135.32	1107.51
1136.95	1128.46
1138.57	1150.2
1140.2	1145.62
1141.83	1154.61
1143.45	1170.01
1145.08	1180.39
1146.71	1195.77
1148.34	1209.65
1149.96	1215.97
1151.59	1227.98
1153.21	1236.48
1154.84	1245.49
1156.46	1245.78
1158.08	1253.77
1159.71	1273.62
1161.33	1291.49
1162.95	1280.42
1164.58	1302.45
1166.2	1300.72
1167.82	1311.73
1169.45	1320.67
1171.07	1328.26
1172.69	1335.21
1174.31	1339.31
1175.93	1340.14
1177.55	1356.76
1179.17	1370.18
1180.79	1372.08
1182.41	1383.66
1184.03	1390.41
1185.65	1391.49
1187.27	1406.45
1188.88	1411.68
1190.5	1434.09
1192.12	1434.47
1193.74	1450.96
1195.35	1457.41
1196.97	1461.88
1198.59	1459.07
1200.2	1465.82
1201.82	1476.77
1203.43	1484.31
1205.05	1499.15
1206.66	1515.01
1208.28	1525.49
1209.89	1540.43
1211.51	1550.67
1213.12	1554.35
1214.73	1567.12
1216.35	1587.66
1217.96	1590.93
1219.57	1603.43
1221.18	1615.92
1222.79	1620.97
1224.41	1632.67
1226.02	1641.26
1227.63	1652.07
1229.24	1666.75
1230.85	1678.03
1232.46	1693.75
1234.07	1710.27
1235.68	1720.67
1237.28	1737.06
1238.89	1740.59
1240.5	1754.82
1242.11	1783.59
1243.72	1799.46
1245.32	1804.69
1246.93	1815.99
1248.54	1830.01
1250.15	1848.56
1251.75	1867.83
1253.36	1888.19
1254.96	1898.58
1256.57	1905.78
1258.17	1937.17
1259.78	1954.87
1261.38	1975.34
1262.99	1986.45
1264.59	1994.62
1266.19	2014.11
1267.79	2034.64
1269.4	2043.9
1271	2065.88
1272.6	2085.69
1274.2	2117.64
1275.8	2151.46
1277.41	2168.5
1279.01	2179.18
1280.61	2207.8
1282.21	2219.07
1283.81	2243.04
1285.41	2264.02
1287.01	2285.08
1288.61	2303.18
1290.2	2330.54
1291.8	2342.22
1293.4	2365.96
1295	2384.27
1296.59	2395.71
1298.19	2419.56
1299.79	2444.33
1301.39	2479.4
1302.98	2497.57
1304.58	2524.75
1306.17	2548.55
1307.77	2586.57
1309.36	2601.52
1310.96	2620.49
1312.55	2641.82
1314.14	2642.33
1315.74	2667.19
1317.33	2697.13
1318.93	2716.63
1320.52	2721.55
1322.11	2732.68
1323.7	2754.48
1325.3	2775.86
1326.89	2796.65
1328.48	2804.27
1330.07	2814.11
1331.66	2826.97
1333.25	2824.57
1334.84	2832.84
1336.43	2821.2
1338.02	2838.15
1339.61	2860.42
1341.2	2847.88
1342.78	2840.69
1344.37	2844.08
1345.96	2854.08
1347.55	2849.02
1349.14	2835.8
1350.72	2833.56
1352.31	2824.96
1353.9	2814.76
1355.48	2807.42
1357.07	2786.57
1358.65	2771.91
1360.24	2758.93
1361.32	2760.65
1362.91	2742.14
1364.5	2750.79
1366.08	2720.53
1367.67	2707.14
1369.26	2686.85
1370.84	2667.46
1372.43	2656.97
1374.01	2626.12
1375.6	2609.74
1377.18	2612.83
1378.77	2586.26
1380.35	2576.78
1381.94	2554.02
1383.52	2535.69
1385.1	2508.81
1386.69	2507.12
1388.27	2482.28
1389.85	2476.21
1391.43	2448.88
1393.02	2426.96
1394.6	2415.87
1396.18	2397.15
1397.76	2390.17
1399.34	2354.86
1400.92	2336.08
1402.5	2313.15
1404.08	2301.59
1405.66	2293.61
1407.24	2287.86
1408.82	2266.67
1410.4	2245.22
1411.97	2259.18
1413.55	2221.46
1415.13	2208.96
1416.71	2197.77
1418.28	2195.46
1419.86	2161.25
1421.44	2141.19
1423.01	2177.42
1424.59	2148.57
1426.16	2136.73
1427.74	2125.45
1429.31	2127.99
1430.89	2103.69
1432.46	2112.97
1434.04	2092.17
1435.61	2073.13
1437.18	2081.92
1438.76	2068.87
1440.33	2060.51
1441.9	2081.78
1443.47	2063.07
1445.04	2065.58
1446.62	2047.73
1448.19	2044.23
1449.76	2029.89
1451.33	2027.28
1452.9	2036.7
1454.47	2021.88
1456.04	2018.61
1457.61	2031.6
1459.18	2022.56
1460.75	2010.32
1462.32	2033.41
1463.88	2007.5
1465.45	2005.28
1467.02	2014.29
1468.59	2008.37
1470.15	2014.27
1471.72	2011.17
1473.29	2016.13
1474.85	2012.69
1476.42	2019.49
1477.98	2016.06
1479.55	2022.55
1481.12	2017.03
1482.68	2016.57
1484.24	2002.53
1485.81	2036.51
1487.37	2031.68
1488.94	2052.5
1490.5	2035.14
1492.06	2033.08
1493.63	2038.62
1495.19	2023.97
1496.75	2051.85
1498.31	2047.27
1499.87	2047.65
1501.43	2045.96
1502.99	2057.38
1504.55	2053.76
1506.12	2053.93
1507.67	2074.6
1509.23	2068.66
1510.79	2071.63
1512.35	2084.59
1513.91	2089.71
1515.47	2084.65
1517.03	2104.48
1518.59	2108.32
1520.14	2120.47
1521.7	2115.22
1523.26	2110.82
1524.81	2137.88
1526.37	2147.05
1527.93	2152.12
1529.48	2163.15
1531.04	2183.85
1532.59	2189.01
1534.15	2190.04
1535.7	2211.19
1537.26	2224.27
1538.81	2237.88
1540.36	2254.68
1541.92	2258.09
1543.47	2290.21
1545.02	2281.45
1546.58	2334.99
1548.13	2342.76
1549.68	2365.38
1551.23	2375.72
1552.78	2399.58
1554.33	2431.51
1555.88	2453.64
1557.43	2460.6
1558.99	2484.49
1560.54	2527.3
1562.08	2558.05
1563.63	2580.78
1565.18	2625.53
1566.73	2671.05
1568.28	2685.03
1569.83	2717.97
1571.38	2752.75
1572.92	2801.29
1574.47	2826.42
1576.02	2849.71
1577.56	2891.13
1579.11	2918.82
1580.66	2937.34
1582.2	3001.78
1583.75	3021.91
1585.29	3027.82
1586.84	3058.33
1588.38	3101.21
1589.93	3108.58
1591.47	3138.9
1593.01	3159.76
1594.56	3168.99
1596.1	3166.48
1597.64	3184.33
1599.19	3179.66
1600.73	3158.17
1602.27	3132.34
1603.81	3141.04
1605.35	3082.63
1606.89	3068.18
1608.43	3002.58
1609.98	2962.94
1611.52	2919.55
1613.06	2850.2
1614.59	2768.64
1616.13	2713.17
1617.67	2639.03
1619.21	2548.92
1620.75	2474.65
1622.29	2386.01
1623.83	2302.17
1625.36	2208.24
1626.9	2138.82
1628.44	2048.07
1629.98	1982.42
1631.51	1916.55
1633.05	1851.22
1634.58	1794.54
1636.12	1746.29
1637.65	1700.52
1639.19	1648.11
1640.72	1602.69
1642.26	1571.46
1643.79	1527.59
1645.33	1493.43
1646.86	1463.82
1648.39	1436.83
1649.93	1412.31
1651.46	1395.88
1652.99	1354.37
1654.52	1339.8
1656.06	1317.25
1657.59	1285.95
1659.12	1266.67
1660.65	1252.6
1662.18	1215.31
1663.71	1203.51
1665.24	1187.11
1666.77	1168.5
1668.3	1152.94
1669.83	1128.8
1671.36	1118.22
1672.89	1104.04
1674.41	1095.95
1675.94	1086.11
1677.47	1073.61
1679	1052.75
1680.52	1045.23
1682.05	1047.48
1683.58	1032.37
1685.1	1039.36
1686.63	1025.35
1688.15	1015.55
1689.68	1008.35
1691.2	1009.72
1692.73	997.484
1694.26	977.543
1695.78	974.92
1697.3	975.913
1698.83	972.523
1700.35	968.031
1701.87	968.005
1703.4	956.151
1704.92	947.809
1706.44	948.532
1707.96	947.882
1709.49	938.786
1711.01	939.576
1712.53	932.115
1714.05	911.231
1715.57	905.124
1717.09	914.943
1718.61	902.807
1720.13	896.556
1721.65	892.818
1723.17	893.695
1724.69	895.656
1726.21	893.2
1727.72	890.671
1729.24	872.764
1730.76	868.739
1732.28	879.044
1733.79	862.903
1735.31	863.585
1736.83	864.831
1738.34	868.23
1739.86	861.641
1741.37	871.211
1742.89	855.863
1744.4	849.407
1745.92	851.124
1747.43	850.399
1748.95	849.619
1750.46	839.901
1751.98	841.499
1753.49	845.635
1755	838.825
1756.52	842.535
1758.03	834.229
1759.54	829.574
1761.05	828.31
1762.56	828.695
1764.07	825.386
1765.59	829.548
1767.1	827.471
1768.61	823.636
1770.12	822.03
1771.63	835.233
1773.14	825.235
1774.65	813.466
1776.16	817.038
1777.67	806.934
1779.17	813.711
1780.68	811.737
1782.19	812.962
1783.7	809.761
1785.21	806.271
1786.71	804.442
1788.22	806.796
1789.73	794.147
1791.23	796.233
1792.74	802.877
1794.25	801.802
1795.75	784.419
1797.25	792.664
1798.76	802.126
1800.26	795.701
1801.77	787.413
1803.27	790.774
1804.78	782.311
1806.28	786.575
1807.78	787.981
1809.29	779.472
1810.79	781.018
1812.29	785.961
1813.79	784.255
1815.29	781.764
1816.8	782.723
1818.3	780.329
1819.8	779.573
1821.3	775.249
1822.8	771.379
1824.3	781.817
1825.8	767.554
1827.3	765.203
1828.8	775.988
1830.3	778.158
1831.8	769.912
1833.3	759.188
1834.79	763.224
1836.29	766.758
1837.79	767.515
1839.29	775.099
1840.78	766.35
1842.28	767.164
1843.78	768.088
1845.27	761.529
1846.77	758.4
1848.26	757.254
1849.76	752.898
1851.25	754.242
1852.75	755.545
1854.24	758.494
1855.74	761.001
1857.23	751.065
1858.73	756.328
1860.22	754.467
1861.71	756.284
1863.2	750.516
1864.7	750.067
1866.19	746.435
1867.68	750.573
1869.17	748.108
1870.67	741.487
1872.16	748.726
1873.65	744.052
1875.14	741.06
1876.63	737.654
1878.12	745.265
1879.61	735.41
1881.1	740.978
1882.59	727.357
1884.07	736.568
1884.62	740.885
1886.12	733.953
1887.61	737.141
1889.1	739.752
1890.59	732.531
1892.08	723.67
1893.57	742.671
1895.06	733.56
1896.55	741.029
1898.04	734.327
1899.53	733.553
1901.01	729.075
1902.5	728.819
1903.99	725.694
1905.48	722.323
1906.97	722.953
1908.45	735.903
1909.94	727.166
1911.43	723.003
1912.91	729.069
1914.4	729.66
1915.88	720.819
1917.37	721.107
1918.86	715.156
1920.34	721.972
1921.83	720.742
1923.31	725.907
1924.79	718.477
1926.28	711.269
1927.76	721.591
1929.25	721.037
1930.73	720.685
1932.21	719.292
1933.69	717.316
1935.18	712.607
1936.66	712.595
1938.14	716.203
1939.62	710.319
1941.1	703.654
1942.58	707.888
1944.06	705.663
1945.54	711.409
1947.02	710.485
1948.5	708.946
1949.98	706.027
1951.46	712.798
1952.94	711.677
1954.42	710.173
1955.9	706.345
1957.38	705.43
1958.85	710.336
1960.33	706.694
1961.81	707.987
1963.29	696.533
1964.76	701.143
1966.24	697.637
1967.72	698.113
1969.19	704.351
1970.67	694.731
1972.14	699.086
1973.62	700.795
1975.09	698.115
1976.57	698.906
1978.04	690.053
1979.52	694.051
1980.99	695.849
1982.46	689.551
1983.94	690.19
1985.41	687.617
1986.88	696.276
1988.36	685.526
1989.83	691.487
1991.3	691.867
1992.77	689.188
1994.24	691.754
1995.71	690.278
1997.18	688.822
1998.66	686.744
2000.13	682.394
2001.59	686.84
2003.06	682.114
2004.53	683.818
2006	683.404
2007.47	685.428
2008.94	676.267
2010.41	684.457
2011.88	686.459
2013.34	685.798
2014.81	682.145
2016.28	676.616
2017.75	681.143
2019.21	680.599
2020.68	678.759
2022.15	677.536
2023.61	677.749
2025.08	676.836
2026.54	674.857
2028.01	671.598
2029.47	680.116
2030.94	684.442
2032.4	681.095
2033.87	670.15
2035.33	672.616
2036.79	670.605
2038.26	669.336
2039.72	669.927
2041.18	673.55
2042.64	677.56
2044.11	673.459
2045.57	670.792
2047.03	669.143
2048.49	669.523
2049.95	670.994
2051.41	671.154
2052.87	661.191
2054.33	662.79
2055.79	666.066
2057.25	661.329
2058.71	665.188
2060.17	671.149
2061.63	666.907
2063.09	660.71
2064.55	660.912
2066.01	662.814
2067.46	659.152
2068.92	656.184
2070.38	656.83
2071.83	653.536
2073.29	658.09
2074.75	657.42
2076.2	648.607
2077.66	653.013
2079.12	656.481
2080.57	660.307
2082.03	664.724
2083.48	658.235
2084.93	650.336
2086.39	649.248
2087.84	656.572
2089.3	655.37
2090.75	651.151
2092.2	658.018
2093.66	658.718
2095.11	650.68
2096.56	653.797
2098.01	652.471
2099.47	651.937
2100.92	647.924
2102.37	644.264
2103.82	646.028
2105.27	642.514
2106.72	649.496
2108.17	647.669
2109.62	641.331
2111.07	644.401
2112.52	647.219
2113.97	643.227
2115.42	640.833
2116.87	643.414
2118.32	640.21
2119.76	644.977
2121.21	642.005
2122.66	639.402
2124.11	639.076
2125.55	639.643
2127	642.057
2128.45	642.465
2129.89	642.152
2131.34	638.995
2132.78	642.48
2134.23	635.717
2135.68	638.065
2137.12	631.754
2138.57	634.764
2140.01	636.509
2141.45	629.294
2142.9	631.46
2144.34	633.605
2145.79	628.981
2147.23	634.172
2148.67	637.47
2150.11	627.385
2151.56	627.093
2153	629.731
2154.44	632.61
2155.88	626.567
2157.32	625.254
2158.76	628.532
2160.21	627.815
2161.65	623.908
2163.09	640.454
2164.52	635.614
2165.96	629.323
2167.4	622.625
2168.84	627.334
2170.28	626.583
2171.72	626.258
2173.16	626.925
2174.6	625.393
2176.03	623.775
2177.47	623.875
2178.91	619.226
2180.35	623.378
2181.78	625.508
2183.22	630.746
2184.66	619.325
2186.09	623.896
2187.53	619.689
2188.96	621.501
2190.4	620.069
2191.83	622.963
2193.27	619.373
2194.7	618.406
2196.14	618.472
2197.57	618.513
2199.01	615.917
2200.44	618.101
2201.87	616.227
2203.3	617.3
2204.74	617.261
2206.17	618.93
2207.6	619.215
2209.03	619.939
2210.46	611.759
2211.89	615.697
2213.33	610.359
2214.76	611.223
2216.19	611.948
2217.62	616.369
2219.05	614.275
2220.48	608.96
2221.91	613.201
2223.34	611.39
2224.77	613.846
2226.19	612.111
2227.62	610.689
2229.05	619.405
2230.48	612.936
2231.9	613.012
2233.33	614.521
2234.76	611.353
2236.19	602.165
2237.61	602.755
2239.04	604.93
2240.47	603.765
2241.89	595.317
2243.32	603.258
2244.74	605.807
2246.17	608.573
2247.59	610.538
2249.02	604.971
2250.44	604.188
2251.86	599.696
2253.29	603.116
2254.71	604.226
2256.13	598.1
2257.56	601.361
2258.98	609.074
2260.4	602.825
2261.82	606.727
2263.25	595.1
2264.67	602.978
2266.09	605.138
2267.51	590.651
2268.93	592.582
2270.35	601.641
2271.77	599.134
2273.19	594.946
2274.61	585.435
2276.03	594.133
2277.45	592.058
2278.87	597.842
2280.29	592.311
2281.71	600.803
2283.13	596.326
2284.54	598.52
2285.96	600.065
2287.38	601.439
2288.79	591.148
2290.21	582.899
2291.63	590.979
2293.05	593.963
2294.46	588.273
2295.88	591.37
2297.29	590.091
2298.71	590.602
2300.12	585.603
2301.54	588.282
2302.95	594.083
2304.37	587.469
2305.78	590.949
2307.19	586.767
2308.61	583.938
2310.02	598.636
2311.43	588.169
2312.85	591.956
2314.26	592.874
2315.67	593.828
2317.08	586.763
2318.5	586.416
2319.91	593.832
2321.32	592.724
2322.73	598.903
2324.14	585.671
2325.55	591.098
2326.96	583.663
2328.37	592.079
2329.78	587.757
2331.19	591.294
2332.6	584.166
2334.01	578.458
2335.42	581.68
2336.83	592.567
2338.23	579.775
2339.64	581.534
2341.05	586.797
2342.46	580.589
2343.86	583.076
2345.27	580.594
2346.68	584.967
2348.09	581.043
2349.49	579.201
2350.9	572.837
2352.3	580.031
2353.71	584.033
2355.11	580.639
2356.52	578.038
2357.92	587.259
2359.33	581.604
2360.73	583.958
2362.14	586.013
2363.54	580.711
2364.94	586.266
2366.35	593.407
2367.75	588.677
2369.15	575.846
2370.55	582.787
2371.95	581.949
2373.36	584.969
2374.76	579.474
2376.16	582.073
2377.56	588.102
2378.96	577.609
2379.03	577.139
2380.43	576.023
2381.83	582.291
2383.24	576.583
2384.64	582.602
2386.04	585.79
2387.44	576.994
2388.84	577.451
2390.24	587.437
2391.65	586.917
2393.05	584.477
2394.45	573.472
2395.85	574.996
2397.25	576.447
2398.65	578.206
2400.05	582.502
2401.45	586.068
2402.85	580.346
2404.25	580.245
2405.64	576.852
2407.04	579.636
2408.44	581.648
2409.84	582.396
2411.24	583.005
2412.63	580.991
2414.03	582.698
2415.43	577.039
2416.82	575.499
2418.22	583.895
2419.62	585.462
2421.01	583.497
2422.41	583.53
2423.8	585.034
2425.2	580.446
2426.59	583.137
2427.99	581.238
2429.38	585.006
2430.78	587.883
2432.17	585.781
2433.56	588.741
2434.96	587.172
2436.35	589.582
2437.74	590.644
2439.14	593.009
2440.53	585.458
2441.92	591.681
2443.31	589.698
2444.7	586.781
2446.1	593.893
2447.49	584.369
2448.88	592.635
2450.27	592.847
2451.66	589.893
2453.05	591.675
2454.44	594.78
2455.83	587.896
2457.22	588.985
2458.61	599.336
2459.99	598.395
2461.38	593.002
2462.77	594.783
2464.16	596.017
2465.55	593.815
2466.94	592.008
2468.32	594.227
2469.71	589.011
2471.1	592.101
2472.48	587.455
2473.87	595.01
2475.26	592.082
2476.64	590.079
2478.03	602.223
2479.41	596.713
2480.8	599.419
2482.18	596.695
2483.57	597.339
2484.95	594.998
2486.34	591.577
2487.72	595.445
2489.1	600.14
2490.49	600.699
2491.87	594.467
2493.25	597.879
2494.64	599.907
2496.02	596.492
2497.4	602.522
2498.78	597.939
2500.16	607.728
2501.55	594.376
2502.93	609.173
2504.31	604.125
2505.69	605.755
2507.07	608.945
2508.45	603.151
2509.83	603.285
2511.21	608.859
2512.59	605.35
2513.97	606.039
2515.35	605.998
2516.72	610.298
2518.1	609.241
2519.48	606.869
2520.86	602.962
2522.24	606.199
2523.61	606.139
2524.99	605.145
2526.37	612.715
2527.75	611.428
2529.12	613.071
2530.5	613.079
2531.87	618.104
2533.25	618.378
2534.62	614.808
2536	611.75
2537.37	617.914
2538.75	613.58
2540.12	619.672
2541.5	622.328
2542.87	616.304
2544.25	608.338
2545.62	610.707
2546.99	618.176
2548.36	615.242
2549.74	629.639
2551.11	621.508
2552.48	622.029
2553.85	625.311
2555.23	629.516
2556.6	630.656
2557.97	626.532
2559.34	628.132
2560.71	617.539
2562.08	626.351
2563.45	625.345
2564.82	625.132
2566.19	625.054
2567.56	626.204
2568.93	629.674
2570.3	626.231
2571.67	631.5
2573.04	627.54
2574.4	625.823
2575.77	626.35
2577.14	629.5
2578.51	626.712
2579.88	632.522
2581.24	631.099
2582.61	631.796
2583.98	633.041
2585.34	626.624
2586.71	633.009
2588.08	630.291
2589.44	638.766
2590.8	636.735
2592.17	647.101
2593.54	642.595
2594.9	647.015
2596.27	644.755
2597.63	645.171
2598.99	646.836
2600.36	642.628
2601.72	647.911
2603.08	650.334
2604.45	646.283
2605.81	646.209
2607.17	645.324
2608.53	634.28
2609.89	647.082
2611.26	647.986
2612.62	642.837
2613.98	651.59
2615.34	644.399
2616.7	652.397
2618.06	655.392
2619.42	657.483
2620.78	651.555
2622.14	646.379
2623.5	650.59
2624.86	651.37
2626.22	656.9
2627.58	653.561
2628.94	658.745
2630.29	660.189
2631.65	663.056
2633.01	659.918
2634.37	662.027
2635.73	661.922
2637.08	656.993
2638.44	654.171
2639.8	665.041
2641.15	660.527
2642.51	660.066
2643.87	665.635
2645.22	665.218
2646.58	659.885
2647.93	658.216
2649.29	661.068
2650.64	664.264
2652	664.693
2653.35	658.015
2654.7	668.654
2656.06	670.528
2657.41	663.188
2658.76	667.545
2660.12	672.003
2661.47	669.064
2662.82	669.19
2664.17	664.884
2665.53	664.816
2666.88	670.168
2668.23	671.434
2669.58	668.412
2670.93	668.39
2672.28	670.015
2673.63	671.505
2674.98	670.271
2676.33	664.168
2677.68	671.458
2679.03	676.408
2680.38	673.692
2681.73	673.241
2683.08	670.802
2684.43	670.637
2685.78	675.653
2687.13	676.557
2688.47	678.488
2689.82	667.526
2691.17	672.675
2692.52	672.183
2693.86	667.414
2695.21	666.427
2696.56	668.339
2697.9	666.984
2699.25	675.393
2700.59	675.199
2701.94	673.056
2703.29	669.516
2704.63	665.75
2705.98	676.434
2707.32	674.117
2708.67	674.383
2710.01	668.789
2711.35	671.309
2712.7	673.455
2714.04	667.194
2715.38	670.032
2716.73	669.106
2718.07	669.701
2719.41	670.979
2720.75	665.608
2722.09	661.394
2723.44	665.224
2724.78	674.298
2726.12	670.548
2727.46	665.873
2728.8	669.108
2730.14	671.644
2731.48	668.053
2732.82	667.983
2734.16	667.181
2735.5	675.656
2736.84	669.38
2738.18	665.507
2739.52	668.024
2740.86	672.094
2742.2	666.038
2743.53	669.636
2744.87	674.899
2746.21	667.15
2747.55	660.686
2748.88	660.9
2750.22	663.453
2751.56	670.579
2752.89	672.876
2754.23	670.576
2755.57	665.835
2756.9	662.265
2758.24	666.243
2759.57	665.142
2760.91	655.201
2762.24	658.852
2763.58	667.977
2764.91	664.391
2766.25	666.254
2767.58	664.546
2768.91	667.906
2770.25	670.217
2771.58	663.469
2772.91	664.137
2774.25	666.871
2775.58	670.406
2776.91	672.725
2778.24	670.219
2779.57	667.062
2780.91	665.338
2782.24	664.838
2783.57	665.136
2784.9	662.615
2786.23	663.102
2787.56	669.468
2788.89	668.238
2790.22	666.705
2791.55	669.675
2792.88	670.725
2794.21	663.171
2795.54	662.563
2796.87	666.724
2798.19	665.26
2799.52	663.243
2800.85	668.935
2802.18	675.298
2803.51	668.645
2804.83	668.358
2806.16	668.954
2807.49	667.348
2808.81	672.193
2810.14	669.749
2811.47	669.302
2812.79	671.667
2814.12	668.368
2815.44	663.004
2816.77	662.908
2818.09	668.071
2819.42	669.477
2820.74	667.218
2822.07	669.743
2823.39	669.121
2824.71	674.155
2826.04	682.885
2827.36	680.706
2828.68	669.142
2830.01	658.922
2831.33	669.164
2832.65	677.868
2833.97	678.377
2835.3	674.499
2836.62	668.278
2837.94	665.188
2839.26	670.911
2840.58	672.133
2841.9	666.039
2843.22	672.454
2844.07	674.802
2845.39	671.839
2846.71	666.895
2848.04	673.706
2849.36	674.887
2850.68	682.202
2852	672.682
2853.32	676.166
2854.65	673.692
2855.97	669.691
2857.29	680.755
2858.61	677.471
2859.93	672.168
2861.25	680.28
2862.57	676.478
2863.89	687.714
2865.21	671.309
2866.52	677.536
2867.84	678.399
2869.16	670.006
2870.48	667.36
2871.8	681.499
2873.12	671.824
2874.43	667.84
2875.75	680.865
2877.07	671.962
2878.39	679.395
2879.7	681.97
2881.02	682.427
2882.34	677.25
2883.65	672.002
2884.97	672.327
2886.28	686.506
2887.6	678.337
2888.91	685.434
2890.23	688.872
2891.54	676.883
2892.86	678.072
2894.17	685.349
2895.48	683.29
2896.8	679.745
2898.11	681.808
2899.42	687.41
2900.74	685.618
2902.05	682.196
2903.36	675.158
2904.68	675.039
2905.99	686.922
2907.3	689.885
2908.61	678.498
2909.92	676.775
2911.23	681.821
2912.54	683.837
2913.85	684.658
2915.17	673.813
2916.48	677.162
2917.78	671.896
2919.1	686.831
2920.4	674.923
2921.71	674.992
2923.02	677.001
2924.33	680.367
2925.64	685.534
2926.95	673.499
2928.26	673.073
2929.57	672.85
2930.87	671.712
2932.18	670.569
2933.49	687.128
2934.79	665.68
2936.1	670.348
2937.41	672.113
2938.72	675.192
2940.02	680.706
2941.33	677.018
2942.63	670.023
2943.94	666.696
2945.24	661.614
2946.55	664.749
2947.85	653.25
2949.16	659.376
2950.46	660.484
2951.77	656.485
2953.07	658.616
2954.37	655.65
2955.68	654.959
2956.98	653.1
2958.28	650.486
2959.58	650.511
2960.89	649.015
2962.19	645.341
2963.49	648.977
2964.79	648.161
2966.09	641.195
2967.4	638.149
2968.7	633.365
2970	642.054
2971.3	629.889
2972.6	639.721
2973.9	639.691
2975.2	637.27
2976.5	639.301
2977.8	629.692
2979.1	632.232
2980.4	618.658
2981.7	625.424
2982.99	633.506
2984.29	617.081
2985.59	620.634
2986.89	619.594
2988.19	616.042
2989.48	619.949
2990.78	620.107
2992.08	615.202
2993.37	609.048
2994.67	608.321
2995.97	609.614
2997.26	607.65
2998.56	607.644
2999.85	603.534
3001.15	598.713
3002.45	597.777
3003.74	592.302
3005.04	596.999
3006.33	591.291
3007.62	595.109
3008.92	593.561
3010.21	591.88
3011.51	587.787
3012.8	585.719
3014.09	589.366
3015.39	589.987
3016.68	584.059
3017.97	579.637
3019.26	580.623
3020.55	581.614
3021.85	573.761
3023.14	581.669
3024.43	577.806
3025.72	573.591
3027.01	571.24
3028.3	572.494
3029.59	565.574
3030.88	573.533
3032.17	571.706
3033.46	564.619
3034.75	569.506
3036.04	563.44
3037.33	560.891
3038.62	562.334
3039.91	555
3041.2	560.891
3042.49	567.033
3043.77	556.926
3045.06	550.98
3046.35	559.054
3047.64	555.634
3048.92	545.427
3050.21	551.121
3051.5	547.841
3052.78	547.194
3054.07	549.117
3055.35	551.358
3056.64	549.358
3057.93	541.924
3059.21	539.579
3060.5	542.505
3061.78	544.817
3063.07	543.937
3064.35	544.17
3065.64	545.63
3066.92	541.492
3068.2	538.525
3069.49	534.841
3070.77	535.475
3072.05	537.346
3073.33	532.373
3074.62	538.788
3075.9	534.417
3077.18	529.259
3078.46	528.206
3079.75	532.128
3081.03	530.735
3082.31	528.474
3083.59	522.758
3084.87	528.112
3086.15	525.861
3087.43	528.963
3088.71	515.08
3089.99	521.047
3091.27	525.615
3092.55	519.797
3093.83	524.227
3095.11	520.031
3096.39	517.02
3097.67	516.873
3098.94	516.669
3100.22	512.203
3101.5	516.373
3102.78	517.468
3104.06	515.479
3105.33	519.373
3106.61	509.478
3107.89	512.442
3109.16	512.823
3110.44	513.345
3111.72	513.717
3112.99	507.263
3114.27	508.964
3115.54	505.384
3116.82	511.35
3118.09	510.686
3119.37	512.001
3120.64	514.366
3121.92	511.81
3123.19	505.35
3124.47	506.264
3125.74	499.861
3127.01	503.874
3128.29	502.018
3129.56	506.609
3130.83	504.184
3132.11	501.825
3133.38	495.692
3134.65	500.494
3135.92	505.924
3137.19	500.363
3138.47	502.849
3139.74	504.402
3141.01	497.842
3142.28	497.483
3143.55	492.971
3144.82	492.442
3146.09	490.4
3147.36	496.214
3148.63	486.678
3149.9	493.047
3151.17	492.066
3152.44	495.53
3153.71	490.057
3154.98	495.89
3156.24	493.455
3157.51	489.448
3158.78	490.679
3160.05	489.271
3161.32	488.715
3162.58	488.435
3163.85	489.888
3165.12	487.057
3166.38	492.468
3167.65	490.709
3168.92	484.897
3170.18	488.286
3171.45	482.384
3172.71	490.582
3173.98	483.018
3175.24	487.638
3176.51	486.051
3177.77	479.537
3179.04	480.421
3180.3	479.786
3181.57	478.674
3182.83	486.395
3184.09	477.708
3185.36	486.417
3186.62	486.632
3187.88	480.846
3189.15	477.713
3190.41	479.407
3191.67	478.072
3192.93	478.205
3194.2	479.335
3195.46	479.586
3196.72	478.397
3197.98	470.901
3199.24	475.396
3200.5	465.438
3201.76	475.089
3203.02	471.093
3204.28	475.737
3205.54	472.869
3206.8	468.118
3208.06	465.507
3209.32	460.59
3210.58	462.354
3211.84	467.223
3213.1	460.987
3214.36	459.585
3215.62	459.291
3216.87	457.565
3218.13	455.936
3219.39	454.565
3220.64	452.979
3221.9	453.106
3223.16	457.212
3224.42	450.005
3225.67	446.512
3226.93	440.362
3228.18	444.449
3229.44	444.961
3230.7	447.852
3231.95	445.823
3233.21	438.521
3234.46	437.688
3235.72	435.272
3236.97	431.434
3238.23	427.81
3239.48	432.225
3240.73	426.761
3241.99	432.816
3243.24	428.967
3244.49	424.957
3245.75	424.903
3247	424.953
3248.25	424.303
3249.5	419.132
3250.76	415.804
3252.01	417.72
3253.26	423.052
3254.51	426.706
3255.76	418.603
3257.01	405.802
3258.26	408.055
3259.51	409.743
3260.77	407.563
3262.02	407.323
3263.27	408.028
3264.52	399.625
3265.77	406.808
3267.02	409.622
3268.26	407.726
3269.51	405.347
3270.76	405.461
3272.01	403.914
3273.26	399.395
3274.51	399.175
3275.75	402.034
3277	401.02
3278.25	402.321
3279.5	403.261
3280.74	400.977
3281.99	400.72
3283.24	395.068
3283.86	390.001
3285.11	382.454
3286.36	392.114
3287.61	394.335
3288.86	392.479
3290.1	402.659
3291.35	390.917
3292.6	389.699
3293.85	392.084
3295.09	395.386
3296.34	390.178
3297.59	384.131
3298.83	393.282
3300.08	391.487
3301.33	386.565
3302.57	389.097
3303.82	382.016
3305.06	386.504
3306.31	387.031
3307.55	384.954
3308.8	385.694
3310.04	387.066
3311.29	387.695
3312.53	379.761
3313.77	378.143
3315.02	379.367
3316.26	382.999
3317.5	384.139
3318.75	377.601
3319.99	385.63
3321.23	381.688
3322.48	380.977
3323.72	378.847
3324.96	380.897
3326.2	381.6
3327.44	376.241
3328.68	380.959
3329.92	374.668
3331.16	380.493
3332.41	381.094
3333.65	376.212
3334.89	377.968
3336.13	381.687
3337.37	376.135
3338.61	382.532
3339.85	371.663
3341.08	373.581
3342.32	374.169
3343.56	374.214
3344.8	378.95
3346.04	375.889
3347.28	374.476
3348.52	373.227
3349.75	376.252
3350.99	369.16
3352.23	375.157
3353.46	375.225
3354.7	377.222
3355.94	374.195
3357.17	376.558
3358.41	374.303
3359.65	373.229
3360.88	370.601
3362.12	370.896
3363.35	369.33
3364.59	367.979
3365.82	375.384
3367.06	371.622
3368.29	375.929
3369.53	369.992
3370.76	364.966
3371.99	375.361
3373.23	373.739
3374.46	371.54
3375.69	364.452
3376.93	365.952
3378.16	373.024
3379.39	369.704
3380.63	368.682
3381.86	373.65
3383.09	367.248
3384.32	367.666
3385.55	370.756
3386.79	369.487
3388.02	366.261
3389.25	364.976
3390.48	363.229
3391.71	371.296
3392.94	362.687
3394.17	372.102
3395.4	366.891
3396.63	369.875
3397.86	364.93
3399.09	372.94
3399.12	367.167
