801.48	160
803.174	162.43
804.867	157.886
806.562	167.768
808.254	167.508
809.946	166.557
811.638	161.564
813.33	161.147
815.021	163.51
816.712	163.283
818.402	160.068
820.092	160.613
821.784	161.244
823.474	163.273
825.163	162.933
826.852	162.232
828.541	161.697
830.229	161.824
831.917	162.451
833.605	165.486
835.292	162.653
836.979	162.517
838.666	162.992
840.352	166.045
842.038	166.464
843.724	163.01
845.41	163.434
847.095	161.962
848.78	161.728
850.464	160.255
852.148	161.953
853.83	161.57
855.514	161.404
857.197	164.847
858.88	163.161
860.563	163.363
862.245	164.021
863.927	163.366
865.609	164.617
867.29	162.95
868.969	161.358
870.65	164.794
872.33	162.883
874.01	163.075
875.69	167.316
877.368	162.01
879.047	162.889
880.726	163.997
882.404	164.59
884.083	164.013
885.758	165.527
887.436	164.92
889.113	168.577
890.79	164.282
892.465	165.615
894.141	164.981
895.817	165.14
897.493	169.63
899.166	169.635
900.842	165.894
902.516	166.933
904.189	167.112
905.863	167.659
907.537	166.274
909.208	165.485
910.882	164.216
912.554	165.821
914.225	166.815
915.897	166.81
917.567	166.165
919.239	170.28
920.91	172.485
922.579	170.981
924.25	170.843
925.918	170.901
927.589	170.203
929.256	170.9
930.926	168.725
932.595	170.412
934.262	170.389
935.93	170.594
937.597	172.705
939.264	168.239
940.93	172.894
942.597	171.84
944.262	173.269
945.929	175.438
947.593	175.287
949.258	174.193
950.923	175.047
952.587	174.15
954.252	177.23
955.915	173.975
957.579	175.509
959.241	174.856
960.903	177.516
962.567	181.439
964.228	178.603
965.891	179.835
967.552	179.687
969.212	184.637
970.874	181.604
972.534	178.012
974.193	182.183
975.854	182.185
977.513	186.225
979.172	183.778
980.832	184.065
982.49	184.516
984.147	181.842
985.804	186.173
987.463	184.942
989.12	189.449
990.776	190.185
992.432	190.881
994.09	191.69
995.745	186.471
997.401	189.586
999.055	191.175
1000.71	192.947
1002.37	195.106
1004.02	198.431
1005.67	196.254
1007.33	197.445
1008.98	195.862
1010.63	195.836
1012.29	198.343
1013.94	197.131
1015.59	199.047
1017.24	199.579
1018.89	203.87
1020.54	202.547
1022.19	203.66
1023.84	205.316
1025.49	206.808
1027.14	203.676
1028.8	206.745
1030.44	207.589
1032.09	209.984
1033.74	210.559
1035.39	213.176
1037.04	209.825
1038.68	215.322
1040.33	212.171
1041.98	215.961
1043.62	216.473
1045.27	219.734
1046.92	216.738
1048.56	220.691
1050.21	219.542
1051.85	221.238
1053.5	224.429
1055.14	224.194
1056.78	223.756
1058.43	228.682
1060.07	230.538
1061.71	230.866
1063.36	231.077
1065	235.202
1066.64	235.415
1068.28	233.043
1069.92	234.857
1071.57	239.581
1073.21	234.948
1074.85	241.551
1076.49	245.843
1078.13	246.638
1079.77	243.783
1081.41	251.773
1083.04	248.881
1084.68	255.002
1086.32	253.823
1087.96	254.922
1089.6	255.52
1091.23	254.143
1092.87	256.183
1094.51	262.591
1096.14	264.641
1097.78	265.789
1099.41	264.24
1101.05	265.028
1102.68	265.897
1104.32	273.013
1105.95	271.219
1107.59	273.371
1109.22	276.775
1110.86	278.181
1112.49	277.873
1114.12	280.56
1115.75	282.898
1117.38	286.145
1119.02	286.811
1120.65	291.793
1122.28	294.864
1123.91	294.216
1125.54	296.354
1127.17	302.855
1128.8	300.602
1130.43	305.655
1132.06	310.36
1133.69	310.84
1135.32	312.917
1136.95	320.562
1138.57	320.036
1140.2	328.798
1141.83	325.843
1143.45	333.278
1145.08	334.723
1146.71	337.555
1148.34	342.225
1149.96	345.514
1151.59	350.034
1153.21	344.955
1154.84	356.69
1156.46	357.249
1158.08	360.078
1159.71	362.844
1161.33	369.543
1162.95	369.937
1164.58	366.983
1166.2	371.729
1167.82	381.922
1169.45	378.655
1171.07	377.603
1172.69	382.375
1174.31	387.867
1175.93	391.404
1177.55	391.499
1179.17	394.851
1180.79	403.225
1182.41	405.565
1184.03	405.86
1185.65	403.383
1187.27	406.188
1188.88	411.192
1190.5	408.273
1192.12	416.848
1193.74	421.151
1195.35	420.549
1196.97	428.576
1198.59	426.473
1200.2	430.751
1201.82	435.623
1203.43	439.158
1205.05	446.372
1206.66	450.983
1208.28	451.097
1209.89	456.554
1211.51	462.019
1213.12	463.416
1214.73	461.037
1216.35	462.847
1217.96	469.399
1219.57	469.913
1221.18	480.59
1222.79	484.894
1224.41	490.274
1226.02	489.007
1227.63	494.489
1229.24	500.094
1230.85	507.802
1232.46	512.078
1234.07	509.59
1235.68	517.077
1237.28	515.587
1238.89	522.871
1240.5	529.299
1242.11	533.88
1243.72	541.121
1245.32	544.945
1246.93	548.969
1248.54	557.497
1250.15	553.981
1251.75	566.766
1253.36	576.569
1254.96	580.806
1256.57	581.993
1258.17	587.862
1259.78	589.458
1261.38	603.578
1262.99	610.225
1264.59	606.469
1266.19	610.955
1267.79	619.434
1269.4	624.557
1271	634.883
1272.6	643.098
1274.2	648.639
1275.8	656.047
1277.41	663.683
1279.01	675.114
1280.61	682.603
1282.21	682.338
1283.81	691.554
1285.41	701.326
1287.01	703.125
1288.61	707.754
1290.2	709.998
1291.8	722.793
1293.4	729.62
1295	735.746
1296.59	738.832
1298.19	742.272
1299.79	743.997
1301.39	756.387
1302.98	761.456
1304.58	768.622
1306.17	777.452
1307.77	788.17
1309.36	797.376
1310.96	799.599
1312.55	802.472
1314.14	811.16
1315.74	818.976
1317.33	824.47
1318.93	827.81
1320.52	841.509
1322.11	847.788
1323.7	851.715
1325.3	844.082
1326.89	848.748
1328.48	861.6
1330.07	867.327
1331.66	868.268
1333.25	874.409
1334.84	872.854
1336.43	870.273
1338.02	882.828
1339.61	887.434
1341.2	877.799
1342.78	880.134
1344.37	881.773
1345.96	880.663
1347.55	885.013
1349.14	883.808
1350.72	874.112
1352.31	865.93
1353.9	871.624
1355.48	872.013
1357.07	865.815
1358.65	858.631
1360.24	862.741
1361.32	862.249
1362.91	853.742
1364.5	847.547
1366.08	851.117
1367.67	840.673
1369.26	836.642
1370.84	831.097
1372.43	832.977
1374.01	828.445
1375.6	818.558
1377.18	812.112
1378.77	804.389
1380.35	809.585
1381.94	801.089
1383.52	790.215
1385.1	789.063
1386.69	786.524
1388.27	780.053
1389.85	770.589
1391.43	772.981
1393.02	751.945
1394.6	756.193
1396.18	741.773
1397.76	749.55
1399.34	746.752
1400.92	732.24
1402.5	726.494
1404.08	721.468
1405.66	712.443
1407.24	712.061
1408.82	709.586
1410.4	702.103
1411.97	704.04
1413.55	701.588
1415.13	696.205
1416.71	687.292
1418.28	679.895
1419.86	685.153
1421.44	675.247
1423.01	670.277
1424.59	674.58
1426.16	675.199
1427.74	664.746
1429.31	669.895
1430.89	659.732
1432.46	657.447
1434.04	656.47
1435.61	657.475
1437.18	651.999
1438.76	652.397
1440.33	642.852
1441.9	637.069
1443.47	643.498
1445.04	646.528
1446.62	642.209
1448.19	647.746
1449.76	640.571
1451.33	634.666
1452.9	634.076
1454.47	631.433
1456.04	637.595
1457.61	637.526
1459.18	636.595
1460.75	631.266
1462.32	638.24
1463.88	640.016
1465.45	639.117
1467.02	633.89
1468.59	636.161
1470.15	637.562
1471.72	635.556
1473.29	636.856
1474.85	624.663
1476.42	625.115
1477.98	631.39
1479.55	624.975
1481.12	627.247
1482.68	635.613
1484.24	632.712
1485.81	641.627
1487.37	647.06
1488.94	637.454
1490.5	647.508
1492.06	637.922
1493.63	632.846
1495.19	638.35
1496.75	642.272
1498.31	638.83
1499.87	642.099
1501.43	641.97
1502.99	646.022
1504.55	645.677
1506.12	644.102
1507.67	652.489
1509.23	656.562
1510.79	659.761
1512.35	659.203
1513.91	657.098
1515.47	654.053
1517.03	663.924
1518.59	660.263
1520.14	666.998
1521.7	665.95
1523.26	674.688
1524.81	671.711
1526.37	675.14
1527.93	682.094
1529.48	674.982
1531.04	690.567
1532.59	696.518
1534.15	693.636
1535.7	701.879
1537.26	708.924
1538.81	710.62
1540.36	712.933
1541.92	720.033
1543.47	726.29
1545.02	727.979
1546.58	738.733
1548.13	739.273
1549.68	760.129
1551.23	752.678
1552.78	764.37
1554.33	773.212
1555.88	779.119
1557.43	794.322
1558.99	805.917
1560.54	807.415
1562.08	826.336
1563.63	825.022
1565.18	835.443
1566.73	848.844
1568.28	863.554
1569.83	872.189
1571.38	874.66
1572.92	881.852
1574.47	896.668
1576.02	912.414
1577.56	925.947
1579.11	930.305
1580.66	944.309
1582.2	941.646
1583.75	945.299
1585.29	959.412
1586.84	966.902
1588.38	966.372
1589.93	962.689
1591.47	965.206
1593.01	975.333
1594.56	981.905
1596.1	969.101
1597.64	974.516
1599.19	981.175
1600.73	960.818
1602.27	958.462
1603.81	948.273
1605.35	935.355
1606.89	924.385
1608.43	911.395
1609.98	887.249
1611.52	880.271
1613.06	858.517
1614.59	839.401
1616.13	815.156
1617.67	788.753
1619.21	770.59
1620.75	745.382
1622.29	716.678
1623.83	686.542
1625.36	661.845
1626.9	643.594
1628.44	621.806
1629.98	600.659
1631.51	569.196
1633.05	564.452
1634.58	538.826
1636.12	524.209
1637.65	512.315
1639.19	491.695
1640.72	481.905
1642.26	464.551
1643.79	445.278
1645.33	440.794
1646.86	430.566
1648.39	421.306
1649.93	415.71
1651.46	396.874
1652.99	395.866
1654.52	383.263
1656.06	377.942
1657.59	362.225
1659.12	357.917
1660.65	346.379
1662.18	343.561
1663.71	337.677
1665.24	332.682
1666.77	326.294
1668.3	319.556
1669.83	311.026
1671.36	305.388
1672.89	304.622
1674.41	299.596
1675.94	292.024
1677.47	292.13
1679	288.993
1680.52	284.38
1682.05	277.023
1683.58	272.504
1685.1	269.379
1686.63	270.993
1688.15	266.69
1689.68	264.386
1691.2	259.881
1692.73	254.82
1694.26	253.159
1695.78	246.199
1697.3	248.208
1698.83	250.934
1700.35	246.285
1701.87	242.52
1703.4	240.869
1704.92	240.1
1706.44	234.058
1707.96	231.511
1709.49	230.898
1711.01	230.816
1712.53	229.004
1714.05	222.703
1715.57	222.385
1717.09	220.477
1718.61	221.195
1720.13	222.387
1721.65	217.853
1723.17	216.705
1724.69	217.558
1726.21	216.458
1727.72	222.121
1729.24	212.596
1730.76	214.41
1732.28	212.114
1733.79	210.312
1735.31	208.619
1736.83	204.725
1738.34	205.762
1739.86	205.421
1741.37	200.799
1742.89	201.439
1744.4	206.189
1745.92	201.99
1747.43	198.613
1748.95	203.789
1750.46	201.715
1751.98	199.126
1753.49	200.815
1755	203.385
1756.52	202.365
1758.03	199.734
1759.54	195.274
1761.05	197.355
1762.56	196.867
1764.07	194.868
1765.59	197.889
1767.1	198.111
1768.61	198.66
1770.12	195.936
1771.63	192.575
1773.14	190.954
1774.65	193.638
1776.16	191.483
1777.67	190.864
1779.17	194.001
1780.68	190.399
1782.19	186.037
1783.7	190.534
1785.21	190.271
1786.71	187.857
1788.22	188.613
1789.73	186.867
1791.23	185.772
1792.74	187.273
1794.25	187.394
1795.75	186.456
1797.25	188.291
1798.76	186.421
1800.26	184.087
1801.77	187.682
1803.27	184.939
1804.78	182.221
1806.28	184.641
1807.78	185.402
1809.29	182.925
1810.79	184.315
1812.29	182.283
1813.79	185.312
1815.29	184.06
1816.8	181.035
1818.3	181.035
1819.8	180.48
1821.3	186.086
1822.8	189.201
1824.3	183.947
1825.8	180.621
1827.3	185.488
1828.8	183.74
1830.3	181.438
1831.8	180.836
1833.3	179.673
1834.79	181.461
1836.29	181.993
1837.79	177.396
1839.29	178.103
1840.78	180.157
1842.28	181.558
1843.78	181.835
1845.27	178.338
1846.77	179.001
1848.26	180.666
1849.76	183.143
1851.25	181.747
1852.75	184.151
1854.24	184.674
1855.74	178.26
1857.23	180.514
1858.73	180.868
1860.22	180.901
1861.71	177.105
1863.2	181.142
1864.7	179.668
1866.19	179.183
1867.68	179.284
1869.17	174.523
1870.67	174.524
1872.16	171.854
1873.65	173.981
1875.14	176.173
1876.63	177.05
1878.12	179.228
1879.61	177.733
1881.1	175.518
1882.59	177.342
1884.07	173.906
1884.62	172.602
1886.12	178.358
1887.61	175.508
1889.1	173.039
1890.59	179.344
1892.08	176.172
1893.57	173.902
1895.06	172.365
1896.55	175.266
1898.04	176.468
1899.53	173.543
1901.01	170.973
1902.5	178.661
1903.99	174.618
1905.48	169.939
1906.97	174.334
1908.45	171.64
1909.94	173.474
1911.43	171.087
1912.91	174.994
1914.4	170.952
1915.88	172.753
1917.37	177.717
1918.86	175.977
1920.34	173.865
1921.83	171.105
1923.31	174.001
1924.79	171.966
1926.28	176.818
1927.76	178.58
1929.25	178.628
1930.73	172.267
1932.21	172.318
1933.69	172.441
1935.18	176.296
1936.66	173.554
1938.14	174.811
1939.62	174.27
1941.1	176.05
1942.58	174.328
1944.06	171.681
1945.54	170.804
1947.02	172.854
1948.5	174.817
1949.98	172.911
1951.46	173.082
1952.94	171.733
1954.42	171.091
1955.9	173.048
1957.38	172.629
1958.85	170.943
1960.33	173.185
1961.81	171.223
1963.29	172.438
1964.76	169.253
1966.24	172.63
1967.72	167.626
1969.19	168.499
1970.67	169.435
1972.14	167.172
1973.62	168.48
1975.09	172.902
1976.57	170.989
1978.04	168.44
1979.52	169.264
1980.99	171.297
1982.46	170.076
1983.94	173.828
1985.41	172.628
1986.88	171.25
1988.36	165.992
1989.83	168.719
1991.3	169.639
1992.77	167.173
1994.24	170.337
1995.71	169.181
1997.18	168.25
1998.66	168.001
2000.13	168.18
2001.59	170.139
2003.06	169.499
2004.53	169.005
2006	167.332
2007.47	168.417
2008.94	168.687
2010.41	168.391
2011.88	168.787
2013.34	167.031
2014.81	170.866
2016.28	171.982
2017.75	164.903
2019.21	167.056
2020.68	166.467
2022.15	167.62
2023.61	167.686
2025.08	164.767
2026.54	168.374
2028.01	167.335
2029.47	166.674
2030.94	166.366
2032.4	164.894
2033.87	165.296
2035.33	167.55
2036.79	169.382
2038.26	163.71
2039.72	166.455
2041.18	167.072
2042.64	163.405
2044.11	162.938
2045.57	161.877
2047.03	166.427
2048.49	166.864
2049.95	165.019
2051.41	166.401
2052.87	168.019
2054.33	168.08
2055.79	163.873
2057.25	164.627
2058.71	167.338
2060.17	164.313
2061.63	165.578
2063.09	164.491
2064.55	164.625
2066.01	165.918
2067.46	164.808
2068.92	166.301
2070.38	164.692
2071.83	166.568
2073.29	165.358
2074.75	164.93
2076.2	165.309
2077.66	165.054
2079.12	162.894
2080.57	163.134
2082.03	159.952
2083.48	164.747
2084.93	167.488
2086.39	164.693
2087.84	163.132
2089.3	167.598
2090.75	162.818
2092.2	165.925
2093.66	163.046
2095.11	162.384
2096.56	161.44
2098.01	164.768
2099.47	165.556
2100.92	164.147
2102.37	165.973
2103.82	164.579
2105.27	161.397
2106.72	164.519
2108.17	166.574
2109.62	166.623
2111.07	165.581
2112.52	161.597
2113.97	160.303
2115.42	159.801
2116.87	161.532
2118.32	163.824
2119.76	161.251
2121.21	160.573
2122.66	159.678
2124.11	160.552
2125.55	164.503
2127	165.073
2128.45	163.952
2129.89	162.783
2131.34	163.259
2132.78	160.537
2134.23	161.147
2135.68	161.047
2137.12	159.108
2138.57	161.653
2140.01	166.688
2141.45	164.202
2142.9	166.208
2144.34	165.615
2145.79	162.6
2147.23	159.579
2148.67	163.596
2150.11	159.474
2151.56	161.797
2153	161.166
2154.44	165.093
2155.88	163.962
2157.32	163.522
2158.76	163.561
2160.21	163.808
2161.65	161.427
2163.09	160.587
2164.52	164.307
2165.96	162.352
2167.4	164.802
2168.84	163.465
2170.28	161.42
2171.72	165.67
2173.16	163.196
2174.6	159.794
2176.03	160.128
2177.47	159.97
2178.91	163.301
2180.35	167.159
2181.78	160.158
2183.22	164.622
2184.66	162.611
2186.09	163.874
2187.53	164.19
2188.96	162.706
2190.4	158.361
2191.83	161.686
2193.27	162.192
2194.7	163.333
2196.14	162.684
2197.57	162.761
2199.01	165.214
2200.44	161.614
2201.87	160.83
2203.3	160.614
2204.74	160.408
2206.17	157.631
2207.6	158.658
2209.03	160.823
2210.46	159.247
2211.89	160.331
2213.33	161.27
2214.76	158.992
2216.19	161.998
2217.62	162.699
2219.05	157.079
2220.48	157.362
2221.91	159.361
2223.34	161.901
2224.77	159.649
2226.19	160.837
2227.62	157.146
2229.05	154.907
2230.48	165.588
2231.9	159.943
2233.33	159.919
2234.76	159.713
2236.19	161.354
2237.61	162.35
2239.04	158.991
2240.47	162.921
2241.89	160.945
2243.32	158.711
2244.74	163.751
2246.17	159.126
2247.59	164.546
2249.02	162.691
2250.44	163.484
2251.86	164.201
2253.29	162.012
2254.71	162.054
2256.13	159.281
2257.56	162.49
2258.98	162.584
2260.4	163.063
2261.82	161.547
2263.25	162.561
2264.67	161.026
2266.09	162.427
2267.51	161.217
2268.93	161.566
2270.35	162.574
2271.77	158.57
2273.19	161.526
2274.61	161.911
2276.03	158.227
2277.45	160.567
2278.87	160.366
2280.29	158.357
2281.71	162.761
2283.13	164.85
2284.54	163.065
2285.96	159.01
2287.38	163.038
2288.79	157.148
2290.21	163.11
2291.63	164.089
2293.05	158.143
2294.46	159.911
2295.88	163.172
2297.29	161.196
2298.71	160.797
2300.12	161.564
2301.54	163.122
2302.95	162.735
2304.37	159.524
2305.78	161.983
2307.19	160.299
2308.61	158.331
2310.02	159.127
2311.43	163.973
2312.85	159.787
2314.26	161.478
2315.67	165.287
2317.08	161.04
2318.5	162.99
2319.91	163.475
2321.32	162.352
2322.73	163.343
2324.14	163.01
2325.55	160.011
2326.96	162.766
2328.37	165.009
2329.78	160.612
2331.19	164.423
2332.6	162.033
2334.01	166.745
2335.42	159.407
2336.83	162.285
2338.23	161.137
2339.64	158.181
2341.05	166.505
2342.46	164.53
2343.86	161.748
2345.27	160.385
2346.68	165.451
2348.09	160.854
2349.49	160.199
2350.9	163.437
2352.3	162.858
2353.71	161.225
2355.11	170.3
2356.52	161.347
2357.92	166.318
2359.33	162.418
2360.73	166.048
2362.14	162.705
2363.54	167.642
2364.94	162.661
2366.35	160.164
2367.75	164.578
2369.15	160.5
2370.55	161.439
2371.95	167.002
2373.36	164.62
2374.76	168.033
2376.16	168.226
2377.56	163.389
2378.96	169.237
2379.03	169.581
2380.43	168.015
2381.83	165.722
2383.24	169.342
2384.64	166.982
2386.04	167.613
2387.44	164.761
2388.84	167.072
2390.24	168.445
2391.65	166.45
2393.05	165.381
2394.45	171.96
2395.85	163.732
2397.25	164.91
2398.65	165.69
2400.05	164.503
2401.45	167.361
2402.85	168.542
2404.25	167.082
2405.64	165.741
2407.04	169.743
2408.44	163.684
2409.84	166.885
2411.24	167.832
2412.63	166.104
2414.03	165.615
2415.43	169.537
2416.82	167.32
2418.22	168.482
2419.62	169.811
2421.01	170.641
2422.41	173.332
2423.8	165.819
2425.2	167.145
2426.59	168.356
2427.99	169.601
2429.38	170.537
2430.78	170.708
2432.17	168.045
2433.56	171.717
2434.96	171.907
2436.35	175.408
2437.74	173.498
2439.14	175.463
2440.53	174.127
2441.92	172.19
2443.31	175.041
2444.7	173.633
2446.1	172.567
2447.49	173.515
2448.88	172.309
2450.27	175.819
2451.66	173.634
2453.05	174.916
2454.44	175.797
2455.83	175.884
2457.22	178.702
2458.61	178.833
2459.99	170.785
2461.38	175.646
2462.77	171.997
2464.16	178.434
2465.55	172.448
2466.94	174.324
2468.32	175.606
2469.71	177.871
2471.1	177.004
2472.48	177.349
2473.87	177.174
2475.26	177.761
2476.64	179.612
2478.03	178.992
2479.41	178.903
2480.8	178.841
2482.18	179.369
2483.57	180.576
2484.95	178.719
2486.34	181.342
2487.72	178.379
2489.1	181.198
2490.49	181.958
2491.87	182.457
2493.25	182.798
2494.64	177.155
2496.02	181.421
2497.4	183.396
2498.78	179.808
2500.16	184.142
2501.55	185.472
2502.93	187.355
2504.31	184.638
2505.69	185.029
2507.07	182.002
2508.45	182.839
2509.83	185.828
2511.21	185.905
2512.59	179.741
2513.97	188.496
2515.35	183.649
2516.72	183.394
2518.1	186.514
2519.48	185.118
2520.86	185.557
2522.24	184.408
2523.61	185.828
2524.99	186.874
2526.37	187.643
2527.75	191.771
2529.12	189.415
2530.5	189.348
2531.87	194.253
2533.25	195.763
2534.62	188.445
2536	188.528
2537.37	195.355
2538.75	190.398
2540.12	188.513
2541.5	190.368
2542.87	190.413
2544.25	189.178
2545.62	188.541
2546.99	191.684
2548.36	191.402
2549.74	193.755
2551.11	191.297
2552.48	192.223
2553.85	194.495
2555.23	196.131
2556.6	201.785
2557.97	199.685
2559.34	196.503
2560.71	195.592
2562.08	194.086
2563.45	196.632
2564.82	197.552
2566.19	192.921
2567.56	197.373
2568.93	198.391
2570.3	197.569
2571.67	198.14
2573.04	195.332
2574.4	197.556
2575.77	197.657
2577.14	195.507
2578.51	197.522
2579.88	199.751
2581.24	200.446
2582.61	204.129
2583.98	199.536
2585.34	203.604
2586.71	207.163
2588.08	201.579
2589.44	209.367
2590.8	205.726
2592.17	205.004
2593.54	203.265
2594.9	205.745
2596.27	201.485
2597.63	204.862
2598.99	204.416
2600.36	206.126
2601.72	207.898
2603.08	207.968
2604.45	204.627
2605.81	205.076
2607.17	206.012
2608.53	207.342
2609.89	211.492
2611.26	207.524
2612.62	207.385
2613.98	208.924
2615.34	209.473
2616.7	211.583
2618.06	210.783
2619.42	207.426
2620.78	213.178
2622.14	211.148
2623.5	209.879
2624.86	209.85
2626.22	208.804
2627.58	209.354
2628.94	210.361
2630.29	209.032
2631.65	213.429
2633.01	216.43
2634.37	218.802
2635.73	219.059
2637.08	218.05
2638.44	214.404
2639.8	215.546
2641.15	217.175
2642.51	218.584
2643.87	215.907
2645.22	218.073
2646.58	222.324
2647.93	222.158
2649.29	217.076
2650.64	216.167
2652	218.809
2653.35	222.742
2654.7	224.24
2656.06	223.206
2657.41	226.441
2658.76	221.218
2660.12	223.892
2661.47	224.373
2662.82	224.461
2664.17	228.325
2665.53	229.588
2666.88	227.309
2668.23	222.598
2669.58	224.446
2670.93	228.728
2672.28	227.865
2673.63	230.995
2674.98	229.83
2676.33	232.155
2677.68	231.254
2679.03	232.631
2680.38	235.706
2681.73	230.842
2683.08	228.74
2684.43	234.508
2685.78	233.8
2687.13	230.375
2688.47	231.327
2689.82	230.191
2691.17	230.218
2692.52	230.627
2693.86	233.427
2695.21	236.631
2696.56	231.841
2697.9	230.806
2699.25	234.411
2700.59	230.354
2701.94	226.088
2703.29	229.43
2704.63	230.118
2705.98	225.962
2707.32	226.681
2708.67	226.757
2710.01	229.814
2711.35	229.449
2712.7	224.823
2714.04	221.309
2715.38	223.971
2716.73	225.393
2718.07	229.434
2719.41	228.452
2720.75	229.752
2722.09	230.12
2723.44	232.166
2724.78	231.486
2726.12	228.772
2727.46	225.386
2728.8	226.04
2730.14	227.746
2731.48	230.205
2732.82	227.216
2734.16	225.029
2735.5	224.163
2736.84	225.107
2738.18	223.632
2739.52	225.509
2740.86	228.897
2742.2	224.553
2743.53	225.11
2744.87	226.2
2746.21	225.141
2747.55	226.532
2748.88	227.334
2750.22	228.097
2751.56	228.277
2752.89	227.806
2754.23	229.695
2755.57	229.764
2756.9	226.494
2758.24	226.666
2759.57	223.444
2760.91	225.099
2762.24	228.849
2763.58	229.158
2764.91	227.165
2766.25	227.279
2767.58	227.293
2768.91	223.969
2770.25	225.85
2771.58	225.852
2772.91	223.816
2774.25	222.394
2775.58	224.249
2776.91	224.438
2778.24	227.167
2779.57	230.709
2780.91	231.11
2782.24	230.025
2783.57	229.152
2784.9	228.255
2786.23	226.991
2787.56	230.889
2788.89	232.682
2790.22	228.076
2791.55	223.307
2792.88	230.17
2794.21	230.326
2795.54	225.989
2796.87	227.624
2798.19	226.564
2799.52	230.916
2800.85	226.199
2802.18	225.925
2803.51	227.945
2804.83	228.464
2806.16	228.016
2807.49	230.012
2808.81	232.163
2810.14	232.584
2811.47	229.39
2812.79	230.77
2814.12	231.537
2815.44	228.613
2816.77	228.156
2818.09	230.255
2819.42	234.082
2820.74	230.521
2822.07	229.217
2823.39	230.67
2824.71	231.986
2826.04	230.148
2827.36	229.499
2828.68	232.853
2830.01	234.09
2831.33	231.814
2832.65	231.814
2833.97	231.281
2835.3	231.439
2836.62	229.832
2837.94	230.459
2839.26	231.015
2840.58	231.584
2841.9	230.506
2843.22	231.333
2844.07	232.736
2845.39	233.639
2846.71	237.193
2848.04	231.966
2849.36	232.17
2850.68	235.659
2852	235.479
2853.32	234.669
2854.65	239.626
2855.97	234.294
2857.29	238.105
2858.61	228.933
2859.93	234.823
2861.25	240.079
2862.57	229.977
2863.89	235.723
2865.21	233.683
2866.52	230.767
2867.84	236.007
2869.16	236.613
2870.48	236.009
2871.8	236.492
2873.12	238.896
2874.43	234.075
2875.75	234.253
2877.07	236.537
2878.39	240.226
2879.7	235.975
2881.02	233.777
2882.34	232.487
2883.65	227.884
2884.97	239.753
2886.28	234.456
2887.6	240.861
2888.91	236.265
2890.23	239.592
2891.54	231.584
2892.86	234.557
2894.17	241.211
2895.48	237.906
2896.8	234.605
2898.11	242.253
2899.42	235.858
2900.74	234.541
2902.05	240.054
2903.36	237.289
2904.68	240.061
2905.99	239.426
2907.3	238.858
2908.61	242.689
2909.92	238.418
2911.23	236.865
2912.54	236.656
2913.85	236.876
2915.17	235.184
2916.48	242.974
2917.78	235.263
2919.1	239.002
2920.4	235.88
2921.71	236.275
2923.02	240.331
2924.33	238.657
2925.64	237.478
2926.95	237.512
2928.26	235.539
2929.57	233.746
2930.87	236.556
2932.18	233.504
2933.49	235.044
2934.79	240.189
2936.1	240.499
2937.41	234.745
2938.72	233.892
2940.02	239.38
2941.33	234.469
2942.63	237.952
2943.94	234.565
2945.24	236.663
2946.55	232.483
2947.85	231.394
2949.16	239.204
2950.46	229.139
2951.77	231.319
2953.07	227.637
2954.37	234.329
2955.68	231.378
2956.98	231.634
2958.28	226.778
2959.58	226.415
2960.89	227.361
2962.19	234.405
2963.49	231.296
2964.79	226.056
2966.09	229.182
2967.4	227.188
2968.7	228.636
2970	227.525
2971.3	217.532
2972.6	223.001
2973.9	222.96
2975.2	222.919
2976.5	224.235
2977.8	221.619
2979.1	222.499
2980.4	228.178
2981.7	221.973
2982.99	220.974
2984.29	217.16
2985.59	221.454
2986.89	221.086
2988.19	217.731
2989.48	223.45
2990.78	216.537
2992.08	213.713
2993.37	221.708
2994.67	216.88
2995.97	215.891
2997.26	216.693
2998.56	213.664
2999.85	212.295
3001.15	213.312
3002.45	212.705
3003.74	210.438
3005.04	209.332
3006.33	211.292
3007.62	212.189
3008.92	211.234
3010.21	212.44
3011.51	208.373
3012.8	207.553
3014.09	207.871
3015.39	209.246
3016.68	212.362
3017.97	209.481
3019.26	209.399
3020.55	207.37
3021.85	209.381
3023.14	202.072
3024.43	203.503
3025.72	205.452
3027.01	201.869
3028.3	204.165
3029.59	202.067
3030.88	203.427
3032.17	205.022
3033.46	205.099
3034.75	198.994
3036.04	202.213
3037.33	200.274
3038.62	203.064
3039.91	201.056
3041.2	202.112
3042.49	202.161
3043.77	196.862
3045.06	195.06
3046.35	197.367
3047.64	200.16
3048.92	198.474
3050.21	196.848
3051.5	198.838
3052.78	197.351
3054.07	194.721
3055.35	193.533
3056.64	193.264
3057.93	196.401
3059.21	198.07
3060.5	195.814
3061.78	197.279
3063.07	196.094
3064.35	195.99
3065.64	191.581
3066.92	192.641
3068.2	194.044
3069.49	189.728
3070.77	191.675
3072.05	192.586
3073.33	189.513
3074.62	195.59
3075.9	190.022
3077.18	189.274
3078.46	189.9
3079.75	190.368
3081.03	189.492
3082.31	192.084
3083.59	189.674
3084.87	191.041
3086.15	189.63
3087.43	189.845
3088.71	192.469
3089.99	190.627
3091.27	185.839
3092.55	186.695
3093.83	188.728
3095.11	189.755
3096.39	188.655
3097.67	184.129
3098.94	183.604
3100.22	185.877
3101.5	185.862
3102.78	183.032
3104.06	186.24
3105.33	184.405
3106.61	185.102
3107.89	188.055
3109.16	183.345
3110.44	181.669
3111.72	181.782
3112.99	184.597
3114.27	181.438
3115.54	185.78
3116.82	180.374
3118.09	182.978
3119.37	181.693
3120.64	186.121
3121.92	180.389
3123.19	180.582
3124.47	183.089
3125.74	187.646
3127.01	181.006
3128.29	179.71
3129.56	182.946
3130.83	184.417
3132.11	178.896
3133.38	177.624
3134.65	179.835
3135.92	179.225
3137.19	180.36
3138.47	179.964
3139.74	181.86
3141.01	181.18
3142.28	179.447
3143.55	180.531
3144.82	178.983
3146.09	181.764
3147.36	179.873
3148.63	178.21
3149.9	180.388
3151.17	176.95
3152.44	179.092
3153.71	178.386
3154.98	181.578
3156.24	179.059
3157.51	178.428
3158.78	177.195
3160.05	175.275
3161.32	180.487
3162.58	177.829
3163.85	179.768
3165.12	175.788
3166.38	179.21
3167.65	179.862
3168.92	173.848
3170.18	178.178
3171.45	179.362
3172.71	174.165
3173.98	176.452
3175.24	178.448
3176.51	174.166
3177.77	172.774
3179.04	171.931
3180.3	173.707
3181.57	171.184
3182.83	176.731
3184.09	175.448
3185.36	174.399
3186.62	173.838
3187.88	173.783
3189.15	171.688
3190.41	173.003
3191.67	175.834
3192.93	175.845
3194.2	172.606
3195.46	170.687
3196.72	174.133
3197.98	172.62
3199.24	172.286
3200.5	171.873
3201.76	168.308
3203.02	169.701
3204.28	169.767
3205.54	167.861
3206.8	168.682
3208.06	170.843
3209.32	169.633
3210.58	168.511
3211.84	168.081
3213.1	166.674
3214.36	165.408
3215.62	165.705
3216.87	169.449
3218.13	170.135
3219.39	167.406
3220.64	169.082
3221.9	164.147
3223.16	165.626
3224.42	166.238
3225.67	160.988
3226.93	164.431
3228.18	164.384
3229.44	159.657
3230.7	160.666
3231.95	160.312
3233.21	162.957
3234.46	159.057
3235.72	158.207
3236.97	159.428
3238.23	156.716
3239.48	159.996
3240.73	158.597
3241.99	158.614
3243.24	155.858
3244.49	155.243
3245.75	155.4
3247	155.051
3248.25	154.999
3249.5	152.402
3250.76	152.653
3252.01	156.893
3253.26	152.924
3254.51	151.388
3255.76	152.839
3257.01	154.674
3258.26	152.476
3259.51	151.19
3260.77	151.709
3262.02	150.928
3263.27	152.532
3264.52	153.054
3265.77	150.134
3267.02	150.779
3268.26	148.545
3269.51	150.099
3270.76	149.869
3272.01	150.432
3273.26	149.706
3274.51	147.638
3275.75	147.916
3277	147.138
3278.25	148.205
3279.5	147.423
3280.74	149.05
3281.99	147.856
3283.24	145.412
3283.86	145.97
3285.11	146.395
3286.36	146.24
3287.61	143.861
3288.86	145.699
3290.1	143.916
3291.35	147.196
3292.6	145.561
3293.85	141.209
3295.09	143.652
3296.34	142.728
3297.59	148.203
3298.83	144.662
3300.08	145.766
3301.33	147.235
3302.57	144.226
3303.82	146.953
3305.06	146.447
3306.31	143.752
3307.55	144.199
3308.8	146.416
3310.04	146.875
3311.29	145.31
3312.53	143.668
3313.77	147.969
3315.02	142.493
3316.26	144.812
3317.5	146.474
3318.75	139.951
3319.99	142.24
3321.23	146.38
3322.48	142.678
3323.72	145.1
3324.96	138.362
3326.2	144.588
3327.44	142.56
3328.68	139.573
3329.92	142.769
3331.16	142.046
3332.41	144.366
3333.65	142.107
3334.89	141.065
3336.13	144.236
3337.37	140.714
3338.61	144.573
3339.85	140.901
3341.08	142.641
3342.32	139.757
3343.56	141.476
3344.8	139.809
3346.04	141.138
3347.28	141.133
3348.52	141.271
3349.75	139.874
3350.99	141.51
3352.23	143.706
3353.46	139.412
3354.7	137.906
3355.94	140.918
3357.17	142.113
3358.41	144.595
3359.65	139.878
3360.88	139.517
3362.12	140.604
3363.35	140.845
3364.59	140.359
3365.82	138.112
3367.06	142.13
3368.29	137.827
3369.53	139.746
3370.76	142.683
3371.99	143.636
3373.23	137.08
3374.46	143.199
3375.69	138.703
3376.93	139.324
3378.16	137.225
3379.39	141.315
3380.63	143.839
3381.86	141.507
3383.09	144.45
3384.32	133.812
3385.55	136.599
3386.79	136.288
3388.02	138.857
3389.25	138.142
3390.48	138.355
3391.71	140.446
3392.94	139.136
3394.17	142.193
3395.4	140.348
3396.63	135.057
3397.86	142.592
3399.09	138.913
3399.12	135.991
