1000	556
1000.2	544
1000.4	533
1000.6	528
1000.8	477
1001	554
1001.2	520
1001.4	522
1001.6	556
1001.8	484
1002	551
1002.2	494
1002.4	478
1002.6	530
1002.8	524
1003	543
1003.2	492
1003.4	499
1003.6	541
1003.8	557
1004	535
1004.2	524
1004.4	511
1004.6	514
1004.8	550
1005	512
1005.2	526
1005.4	488
1005.6	479
1005.8	518
1006	491
1006.2	478
1006.4	483
1006.6	566
1006.8	530
1007	500
1007.2	481
1007.4	525
1007.6	520
1007.8	503
1008	540
1008.2	509
1008.4	487
1008.6	529
1008.8	492
1009	516
1009.2	511
1009.4	497
1009.6	545
1009.8	556
1010	507
1010.2	523
1010.4	494
1010.6	547
1010.8	493
1011	504
1011.2	536
1011.4	506
1011.6	528
1011.8	506
1012	520
1012.2	545
1012.4	543
1012.6	500
1012.8	523
1013	563
1013.2	520
1013.4	485
1013.6	539
1013.8	522
1014	569
1014.2	533
1014.4	499
1014.6	538
1014.8	517
1015	509
1015.2	490
1015.4	551
1015.6	531
1015.8	527
1016	509
1016.2	496
1016.4	465
1016.6	499
1016.8	513
1017	542
1017.2	510
1017.4	481
1017.6	507
1017.8	505
1018	542
1018.2	561
1018.4	511
1018.6	532
1018.8	504
1019	492
1019.2	518
1019.4	467
1019.6	516
1019.8	562
1020	522
1020.2	498
1020.4	514
1020.6	441
1020.8	487
1021	501
1021.2	512
1021.4	543
1021.6	518
1021.8	461
1022	519
1022.2	532
1022.4	552
1022.6	568
1022.8	521
1023	528
1023.2	521
1023.4	487
1023.6	537
1023.8	532
1024	495
1024.2	537
1024.4	581
1024.6	500
1024.8	521
1025	548
1025.2	519
1025.4	523
1025.6	619
1025.8	547
1026	523
1026.2	520
1026.4	576
1026.6	506
1026.8	550
1027	553
1027.2	528
1027.4	542
1027.6	544
1027.8	561
1028	534
1028.2	546
1028.4	521
1028.6	547
1028.8	522
1029	528
1029.2	495
1029.4	550
1029.6	525
1029.8	546
1030	487
1030.2	539
1030.4	538
1030.6	548
1030.8	598
1031	537
1031.2	521
1031.4	508
1031.6	541
1031.8	526
1032	510
1032.2	521
1032.4	544
1032.6	519
1032.8	496
1033	493
1033.2	569
1033.4	543
1033.6	545
1033.8	551
1034	517
1034.2	529
1034.4	551
1034.6	509
1034.8	523
1035	540
1035.2	526
1035.4	536
1035.6	551
1035.8	574
1036	496
1036.2	537
1036.4	547
1036.6	544
1036.8	517
1037	525
1037.2	539
1037.4	573
1037.6	500
1037.8	530
1038	545
1038.2	525
1038.4	517
1038.6	559
1038.8	535
1039	578
1039.2	522
1039.4	571
1039.6	552
1039.8	523
1040	551
1040.2	551
1040.4	548
1040.6	559
1040.8	558
1041	554
1041.2	532
1041.4	584
1041.6	552
1041.8	592
1042	551
1042.2	546
1042.4	484
1042.6	555
1042.8	532
1043	554
1043.2	543
1043.4	522
1043.6	483
1043.8	536
1044	567
1044.2	503
1044.4	505
1044.6	584
1044.8	547
1045	539
1045.2	560
1045.4	535
1045.6	518
1045.8	543
1046	565
1046.2	553
1046.4	515
1046.6	555
1046.8	563
1047	575
1047.2	542
1047.4	535
1047.6	540
1047.8	561
1048	525
1048.2	558
1048.4	574
1048.6	591
1048.8	579
1049	581
1049.2	563
1049.4	557
1049.6	545
1049.8	527
1050	595
1050.2	572
1050.4	528
1050.6	584
1050.8	597
1051	577
1051.2	541
1051.4	581
1051.6	570
1051.8	575
1052	555
1052.2	556
1052.4	575
1052.6	550
1052.8	601
1053	496
1053.2	578
1053.4	568
1053.6	559
1053.8	624
1054	556
1054.2	531
1054.4	575
1054.6	601
1054.8	555
1055	602
1055.2	553
1055.4	568
1055.6	570
1055.8	555
1056	554
1056.2	572
1056.4	608
1056.6	592
1056.8	561
1057	538
1057.2	583
1057.4	585
1057.6	554
1057.8	548
1058	565
1058.2	553
1058.4	550
1058.6	552
1058.8	559
1059	552
1059.2	561
1059.4	587
1059.6	569
1059.8	613
1060	587
1060.2	617
1060.4	593
1060.6	586
1060.8	568
1061	546
1061.2	576
1061.4	558
1061.6	536
1061.8	534
1062	640
1062.2	615
1062.4	526
1062.6	594
1062.8	603
1063	548
1063.2	568
1063.4	579
1063.6	555
1063.8	568
1064	646
1064.2	544
1064.4	539
1064.6	559
1064.8	569
1065	613
1065.2	609
1065.4	565
1065.6	583
1065.8	593
1066	630
1066.2	569
1066.4	567
1066.6	570
1066.8	590
1067	591
1067.2	619
1067.4	592
1067.6	550
1067.8	609
1068	594
1068.2	558
1068.4	582
1068.6	614
1068.8	530
1069	573
1069.2	636
1069.4	572
1069.6	593
1069.8	575
1070	626
1070.2	591
1070.4	641
1070.6	561
1070.8	595
1071	579
1071.2	585
1071.4	598
1071.6	567
1071.8	546
1072	553
1072.2	557
1072.4	592
1072.6	582
1072.8	628
1073	592
1073.2	600
1073.4	578
1073.6	524
1073.8	547
1074	615
1074.2	553
1074.4	615
1074.6	587
1074.8	623
1075	608
1075.2	622
1075.4	586
1075.6	623
1075.8	590
1076	608
1076.2	597
1076.4	585
1076.6	560
1076.8	612
1077	564
1077.2	598
1077.4	567
1077.6	545
1077.8	604
1078	591
1078.2	529
1078.4	619
1078.6	593
1078.8	541
1079	587
1079.2	594
1079.4	592
1079.6	611
1079.8	582
1080	559
1080.2	596
1080.4	606
1080.6	644
1080.8	676
1081	565
1081.2	600
1081.4	581
1081.6	600
1081.8	610
1082	599
1082.2	636
1082.4	633
1082.6	636
1082.8	583
1083	597
1083.2	586
1083.4	587
1083.6	605
1083.8	574
1084	638
1084.2	636
1084.4	554
1084.6	571
1084.8	577
1085	604
1085.2	605
1085.4	620
1085.6	622
1085.8	581
1086	575
1086.2	646
1086.4	578
1086.6	612
1086.8	611
1087	641
1087.2	604
1087.4	596
1087.6	625
1087.8	625
1088	626
1088.2	639
1088.4	618
1088.6	623
1088.8	621
1089	605
1089.2	630
1089.4	618
1089.6	622
1089.8	650
1090	665
1090.2	618
1090.4	612
1090.6	659
1090.8	618
1091	618
1091.2	626
1091.4	619
1091.6	659
1091.8	664
1092	661
1092.2	663
1092.4	638
1092.6	667
1092.8	671
1093	645
1093.2	690
1093.4	689
1093.6	628
1093.8	691
1094	675
1094.2	693
1094.4	630
1094.6	610
1094.8	651
1095	613
1095.2	694
1095.4	697
1095.6	675
1095.8	617
1096	707
1096.2	622
1096.4	676
1096.6	670
1096.8	683
1097	656
1097.2	689
1097.4	715
1097.6	668
1097.8	640
1098	666
1098.2	699
1098.4	660
1098.6	674
1098.8	676
1099	662
1099.2	656
1099.4	676
1099.6	697
1099.8	657
1100	646
1100.2	633
1100.4	729
1100.6	673
1100.8	678
1101	669
1101.2	681
1101.4	723
1101.6	709
1101.8	692
1102	726
1102.2	710
1102.4	653
1102.6	725
1102.8	712
1103	735
1103.2	673
1103.4	704
1103.6	707
1103.8	685
1104	746
1104.2	692
1104.4	754
1104.6	632
1104.8	673
1105	753
1105.2	714
1105.4	695
1105.6	714
1105.8	761
1106	732
1106.2	746
1106.4	723
1106.6	692
1106.8	724
1107	689
1107.2	700
1107.4	713
1107.6	745
1107.8	706
1108	744
1108.2	758
1108.4	733
1108.6	754
1108.8	689
1109	735
1109.2	733
1109.4	728
1109.6	758
1109.8	768
1110	756
1110.2	769
1110.4	728
1110.6	720
1110.8	761
1111	740
1111.2	724
1111.4	772
1111.6	835
1111.8	776
1112	812
1112.2	765
1112.4	792
1112.6	817
1112.8	783
1113	867
1113.2	811
1113.4	846
1113.6	804
1113.8	865
1114	839
1114.2	820
1114.4	855
1114.6	848
1114.8	807
1115	919
1115.2	858
1115.4	906
1115.6	942
1115.8	935
1116	939
1116.2	936
1116.4	932
1116.6	933
1116.8	935
1117	888
1117.2	1000
1117.4	955
1117.6	1015
1117.8	955
1118	991
1118.2	954
1118.4	961
1118.6	1054
1118.8	961
1119	954
1119.2	974
1119.4	1043
1119.6	1004
1119.8	970
1120	1057
1120.2	1064
1120.4	1030
1120.6	1024
1120.8	953
1121	1053
1121.2	1075
1121.4	1109
1121.6	1145
1121.8	1032
1122	1127
1122.2	1118
1122.4	1106
1122.6	1042
1122.8	1046
1123	1074
1123.2	1149
1123.4	1100
1123.6	1082
1123.8	1158
1124	1074
1124.2	1114
1124.4	1113
1124.6	1115
1124.8	1088
1125	1154
1125.2	1136
1125.4	1141
1125.6	1130
1125.8	1157
1126	1162
1126.2	1100
1126.4	1136
1126.6	1039
1126.8	1169
1127	1079
1127.2	1101
1127.4	1093
1127.6	1095
1127.8	1144
1128	1130
1128.2	1089
1128.4	1071
1128.6	1046
1128.8	1046
1129	1065
1129.2	1062
1129.4	1046
1129.6	1086
1129.8	1088
1130	1087
1130.2	1089
1130.4	1063
1130.6	1041
1130.8	1030
1131	1055
1131.2	1134
1131.4	1025
1131.6	1028
1131.8	956
1132	954
1132.2	1002
1132.4	1006
1132.6	1018
1132.8	911
1133	980
1133.2	948
1133.4	968
1133.6	927
1133.8	1016
1134	1058
1134.2	959
1134.4	941
1134.6	1005
1134.8	945
1135	946
1135.2	919
1135.4	973
1135.6	963
1135.8	926
1136	944
1136.2	926
1136.4	991
1136.6	921
1136.8	961
1137	976
1137.2	889
1137.4	924
1137.6	925
1137.8	920
1138	877
1138.2	944
1138.4	938
1138.6	945
1138.8	902
1139	892
1139.2	983
1139.4	953
1139.6	883
1139.8	980
1140	893
1140.2	905
1140.4	955
1140.6	901
1140.8	938
1141	947
1141.2	933
1141.4	933
1141.6	972
1141.8	951
1142	883
1142.2	964
1142.4	909
1142.6	932
1142.8	929
1143	929
1143.2	905
1143.4	911
1143.6	955
1143.8	962
1144	912
1144.2	923
1144.4	904
1144.6	875
1144.8	912
1145	874
1145.2	908
1145.4	901
1145.6	897
1145.8	910
1146	914
1146.2	899
1146.4	907
1146.6	936
1146.8	949
1147	920
1147.2	873
1147.4	913
1147.6	917
1147.8	910
1148	908
1148.2	853
1148.4	915
1148.6	875
1148.8	949
1149	908
1149.2	882
1149.4	911
1149.6	872
1149.8	919
1150	938
1150.2	934
1150.4	865
1150.6	833
1150.8	856
1151	953
1151.2	892
1151.4	916
1151.6	851
1151.8	909
1152	829
1152.2	849
1152.4	824
1152.6	819
1152.8	831
1153	894
1153.2	891
1153.4	821
1153.6	868
1153.8	913
1154	888
1154.2	885
1154.4	808
1154.6	872
1154.8	842
1155	889
1155.2	838
1155.4	880
1155.6	838
1155.8	854
1156	829
1156.2	806
1156.4	849
1156.6	874
1156.8	814
1157	810
1157.2	806
1157.4	790
1157.6	824
1157.8	854
1158	779
1158.2	843
1158.4	853
1158.6	827
1158.8	811
1159	796
1159.2	811
1159.4	819
1159.6	837
1159.8	793
1160	789
1160.2	830
1160.4	821
1160.6	795
1160.8	845
1161	761
1161.2	823
1161.4	810
1161.6	814
1161.8	835
1162	819
1162.2	816
1162.4	812
1162.6	858
1162.8	808
1163	816
1163.2	894
1163.4	825
1163.6	797
1163.8	779
1164	818
1164.2	792
1164.4	830
1164.6	829
1164.8	811
1165	773
1165.2	790
1165.4	784
1165.6	737
1165.8	832
1166	822
1166.2	841
1166.4	843
1166.6	790
1166.8	821
1167	732
1167.2	821
1167.4	802
1167.6	739
1167.8	798
1168	800
1168.2	781
1168.4	779
1168.6	802
1168.8	818
1169	776
1169.2	810
1169.4	826
1169.6	749
1169.8	816
1170	786
1170.2	761
1170.4	765
1170.6	803
1170.8	808
1171	807
1171.2	793
1171.4	798
1171.6	764
1171.8	782
1172	809
1172.2	765
1172.4	793
1172.6	757
1172.8	777
1173	766
1173.2	788
1173.4	830
1173.6	787
1173.8	791
1174	774
1174.2	795
1174.4	727
1174.6	749
1174.8	790
1175	815
1175.2	785
1175.4	747
1175.6	786
1175.8	783
1176	777
1176.2	759
1176.4	824
1176.6	739
1176.8	762
1177	764
1177.2	788
1177.4	792
1177.6	743
1177.8	831
1178	762
1178.2	736
1178.4	785
1178.6	739
1178.8	788
1179	756
1179.2	746
1179.4	764
1179.6	766
1179.8	798
1180	747
1180.2	763
1180.4	801
1180.6	777
1180.8	798
1181	797
1181.2	796
1181.4	745
1181.6	838
1181.8	765
1182	759
1182.2	767
1182.4	807
1182.6	798
1182.8	781
1183	739
1183.2	838
1183.4	783
1183.6	776
1183.8	752
1184	713
1184.2	793
1184.4	767
1184.6	800
1184.8	779
1185	799
1185.2	813
1185.4	777
1185.6	701
1185.8	847
1186	779
1186.2	782
1186.4	777
1186.6	798
1186.8	833
1187	729
1187.2	744
1187.4	802
1187.6	823
1187.8	749
1188	744
1188.2	722
1188.4	776
1188.6	772
1188.8	753
1189	760
1189.2	724
1189.4	770
1189.6	777
1189.8	789
1190	769
1190.2	778
1190.4	777
1190.6	777
1190.8	753
1191	737
1191.2	775
1191.4	792
1191.6	754
1191.8	789
1192	746
1192.2	781
1192.4	724
1192.6	780
1192.8	846
1193	801
1193.2	779
1193.4	814
1193.6	832
1193.8	756
1194	767
1194.2	749
1194.4	749
1194.6	772
1194.8	725
1195	782
1195.2	808
1195.4	720
1195.6	722
1195.8	744
1196	723
1196.2	736
1196.4	772
1196.6	779
1196.8	791
1197	783
1197.2	778
1197.4	828
1197.6	765
1197.8	778
1198	773
1198.2	737
1198.4	858
1198.6	802
1198.8	773
1199	815
1199.2	777
1199.4	808
1199.6	784
1199.8	799
1200	838
1200.2	743
1200.4	719
1200.6	790
1200.8	744
1201	774
1201.2	774
1201.4	742
1201.6	767
1201.8	840
1202	785
1202.2	765
1202.4	785
1202.6	774
1202.8	791
1203	767
1203.2	802
1203.4	753
1203.6	798
1203.8	807
1204	735
1204.2	729
1204.4	767
1204.6	813
1204.8	757
1205	774
1205.2	794
1205.4	766
1205.6	809
1205.8	735
1206	771
1206.2	793
1206.4	792
1206.6	789
1206.8	798
1207	781
1207.2	809
1207.4	808
1207.6	754
1207.8	723
1208	751
1208.2	772
1208.4	805
1208.6	783
1208.8	722
1209	738
1209.2	850
1209.4	743
1209.6	777
1209.8	779
1210	780
1210.2	828
1210.4	760
1210.6	804
1210.8	787
1211	796
1211.2	778
1211.4	794
1211.6	775
1211.8	827
1212	766
1212.2	785
1212.4	807
1212.6	770
1212.8	826
1213	830
1213.2	817
1213.4	826
1213.6	825
1213.8	792
1214	786
1214.2	796
1214.4	760
1214.6	799
1214.8	846
1215	788
1215.2	771
1215.4	828
1215.6	807
1215.8	875
1216	795
1216.2	834
1216.4	765
1216.6	758
1216.8	761
1217	747
1217.2	797
1217.4	740
1217.6	739
1217.8	743
1218	726
1218.2	756
1218.4	767
1218.6	840
1218.8	810
1219	755
1219.2	772
1219.4	785
1219.6	755
1219.8	765
1220	809
1220.2	772
1220.4	789
1220.6	807
1220.8	784
1221	801
1221.2	802
1221.4	791
1221.6	789
1221.8	812
1222	840
1222.2	780
1222.4	777
1222.6	790
1222.8	772
1223	799
1223.2	767
1223.4	835
1223.6	724
1223.8	762
1224	801
1224.2	805
1224.4	786
1224.6	809
1224.8	776
1225	776
1225.2	770
1225.4	782
1225.6	727
1225.8	806
1226	786
1226.2	792
1226.4	808
1226.6	810
1226.8	748
1227	808
1227.2	785
1227.4	777
1227.6	781
1227.8	778
1228	819
1228.2	786
1228.4	824
1228.6	776
1228.8	779
1229	741
1229.2	826
1229.4	784
1229.6	820
1229.8	775
1230	793
1230.2	775
1230.4	824
1230.6	845
1230.8	789
1231	791
1231.2	842
1231.4	827
1231.6	772
1231.8	799
1232	799
1232.2	834
1232.4	789
1232.6	825
1232.8	782
1233	809
1233.2	802
1233.4	806
1233.6	815
1233.8	803
1234	781
1234.2	805
1234.4	805
1234.6	814
1234.8	792
1235	764
1235.2	774
1235.4	763
1235.6	784
1235.8	805
1236	857
1236.2	772
1236.4	842
1236.6	758
1236.8	859
1237	784
1237.2	784
1237.4	849
1237.6	767
1237.8	778
1238	810
1238.2	826
1238.4	863
1238.6	790
1238.8	774
1239	832
1239.2	768
1239.4	780
1239.6	809
1239.8	812
1240	754
1240.2	822
1240.4	787
1240.6	806
1240.8	736
1241	801
1241.2	794
1241.4	791
1241.6	791
1241.8	790
1242	810
1242.2	808
1242.4	719
1242.6	725
1242.8	771
1243	821
1243.2	781
1243.4	768
1243.6	796
1243.8	776
1244	811
1244.2	864
1244.4	801
1244.6	772
1244.8	858
1245	817
1245.2	824
1245.4	791
1245.6	832
1245.8	860
1246	805
1246.2	811
1246.4	800
1246.6	814
1246.8	841
1247	747
1247.2	787
1247.4	776
1247.6	799
1247.8	756
1248	790
1248.2	781
1248.4	819
1248.6	776
1248.8	817
1249	829
1249.2	803
1249.4	832
1249.6	830
1249.8	808
1250	822
1250.2	829
1250.4	805
1250.6	800
1250.8	815
1251	800
1251.2	791
1251.4	759
1251.6	840
1251.8	800
1252	818
1252.2	796
1252.4	838
1252.6	816
1252.8	784
1253	835
1253.2	762
1253.4	815
1253.6	790
1253.8	822
1254	818
1254.2	842
1254.4	808
1254.6	762
1254.8	810
1255	812
1255.2	807
1255.4	779
1255.6	756
1255.8	781
1256	894
1256.2	848
1256.4	824
1256.6	765
1256.8	810
1257	796
1257.2	854
1257.4	803
1257.6	837
1257.8	818
1258	834
1258.2	806
1258.4	852
1258.6	850
1258.8	833
1259	841
1259.2	797
1259.4	823
1259.6	869
1259.8	809
1260	771
1260.2	799
1260.4	870
1260.6	836
1260.8	820
1261	783
1261.2	763
1261.4	858
1261.6	827
1261.8	852
1262	822
1262.2	867
1262.4	832
1262.6	751
1262.8	788
1263	787
1263.2	855
1263.4	879
1263.6	789
1263.8	837
1264	799
1264.2	811
1264.4	817
1264.6	841
1264.8	812
1265	823
1265.2	818
1265.4	795
1265.6	861
1265.8	775
1266	793
1266.2	857
1266.4	827
1266.6	796
1266.8	825
1267	829
1267.2	852
1267.4	803
1267.6	852
1267.8	801
1268	816
1268.2	856
1268.4	788
1268.6	815
1268.8	801
1269	843
1269.2	851
1269.4	844
1269.6	888
1269.8	825
1270	873
1270.2	872
1270.4	812
1270.6	787
1270.8	826
1271	834
1271.2	844
1271.4	866
1271.6	851
1271.8	827
1272	835
1272.2	809
1272.4	887
1272.6	794
1272.8	874
1273	825
1273.2	859
1273.4	823
1273.6	858
1273.8	812
1274	810
1274.2	782
1274.4	823
1274.6	818
1274.8	843
1275	814
1275.2	815
1275.4	849
1275.6	881
1275.8	840
1276	861
1276.2	847
1276.4	859
1276.6	842
1276.8	818
1277	844
1277.2	846
1277.4	852
1277.6	809
1277.8	879
1278	903
1278.2	875
1278.4	862
1278.6	852
1278.8	826
1279	853
1279.2	872
1279.4	849
1279.6	867
1279.8	836
1280	834
1280.2	849
1280.4	822
1280.6	850
1280.8	842
1281	829
1281.2	897
1281.4	850
1281.6	874
1281.8	873
1282	902
1282.2	850
1282.4	896
1282.6	808
1282.8	869
1283	835
1283.2	824
1283.4	903
1283.6	839
1283.8	891
1284	866
1284.2	797
1284.4	898
1284.6	842
1284.8	859
1285	820
1285.2	873
1285.4	849
1285.6	867
1285.8	816
1286	869
1286.2	874
1286.4	848
1286.6	851
1286.8	854
1287	947
1287.2	884
1287.4	910
1287.6	895
1287.8	949
1288	845
1288.2	901
1288.4	893
1288.6	868
1288.8	916
1289	890
1289.2	876
1289.4	861
1289.6	906
1289.8	827
1290	917
1290.2	894
1290.4	893
1290.6	897
1290.8	887
1291	906
1291.2	914
1291.4	905
1291.6	855
1291.8	874
1292	856
1292.2	878
1292.4	904
1292.6	876
1292.8	835
1293	917
1293.2	905
1293.4	910
1293.6	893
1293.8	914
1294	898
1294.2	868
1294.4	892
1294.6	944
1294.8	892
1295	907
1295.2	896
1295.4	876
1295.6	917
1295.8	853
1296	889
1296.2	928
1296.4	940
1296.6	945
1296.8	933
1297	932
1297.2	892
1297.4	919
1297.6	902
1297.8	891
1298	876
1298.2	882
1298.4	866
1298.6	909
1298.8	856
1299	926
1299.2	940
1299.4	932
1299.6	928
1299.8	850
1300	951
1300.2	899
1300.4	947
1300.6	961
1300.8	920
1301	907
1301.2	884
1301.4	899
1301.6	974
1301.8	924
1302	926
1302.2	888
1302.4	921
1302.6	854
1302.8	971
1303	907
1303.2	857
1303.4	942
1303.6	903
1303.8	921
1304	902
1304.2	950
1304.4	909
1304.6	914
1304.8	854
1305	908
1305.2	946
1305.4	902
1305.6	928
1305.8	930
1306	911
1306.2	905
1306.4	926
1306.6	937
1306.8	922
1307	929
1307.2	858
1307.4	913
1307.6	932
1307.8	894
1308	944
1308.2	917
1308.4	911
1308.6	903
1308.8	891
1309	956
1309.2	886
1309.4	950
1309.6	932
1309.8	921
1310	880
1310.2	943
1310.4	979
1310.6	971
1310.8	942
1311	950
1311.2	898
1311.4	972
1311.6	1026
1311.8	946
1312	946
1312.2	988
1312.4	947
1312.6	987
1312.8	985
1313	965
1313.2	993
1313.4	1005
1313.6	988
1313.8	991
1314	987
1314.2	959
1314.4	949
1314.6	997
1314.8	1045
1315	1004
1315.2	983
1315.4	1002
1315.6	1010
1315.8	1036
1316	963
1316.2	1025
1316.4	945
1316.6	951
1316.8	975
1317	983
1317.2	969
1317.4	1008
1317.6	1023
1317.8	969
1318	1066
1318.2	1013
1318.4	1043
1318.6	1032
1318.8	984
1319	1030
1319.2	1045
1319.4	1032
1319.6	1073
1319.8	1013
1320	1030
1320.2	1015
1320.4	1074
1320.6	1068
1320.8	1078
1321	988
1321.2	1012
1321.4	1051
1321.6	1020
1321.8	1017
1322	1052
1322.2	999
1322.4	996
1322.6	970
1322.8	1094
1323	1081
1323.2	1021
1323.4	983
1323.6	1044
1323.8	1101
1324	1149
1324.2	1017
1324.4	1047
1324.6	982
1324.8	1059
1325	1004
1325.2	1015
1325.4	1019
1325.6	1057
1325.8	1032
1326	1008
1326.2	1102
1326.4	1118
1326.6	1065
1326.8	1077
1327	1080
1327.2	1025
1327.4	1089
1327.6	1129
1327.8	1023
1328	1111
1328.2	1073
1328.4	1116
1328.6	1106
1328.8	1103
1329	1009
1329.2	1065
1329.4	1084
1329.6	1038
1329.8	1116
1330	1110
1330.2	1069
1330.4	1135
1330.6	1033
1330.8	1063
1331	1108
1331.2	1120
1331.4	1118
1331.6	1153
1331.8	1148
1332	1073
1332.2	1097
1332.4	1064
1332.6	1127
1332.8	1176
1333	1082
1333.2	1090
1333.4	1074
1333.6	1089
1333.8	1150
1334	1101
1334.2	1111
1334.4	1174
1334.6	1136
1334.8	1122
1335	1086
1335.2	1133
1335.4	1185
1335.6	1123
1335.8	1071
1336	1059
1336.2	1137
1336.4	1105
1336.6	1054
1336.8	1077
1337	1116
1337.2	1075
1337.4	1080
1337.6	1080
1337.8	1090
1338	1139
1338.2	1092
1338.4	1044
1338.6	1120
1338.8	1059
1339	1103
1339.2	1105
1339.4	1096
1339.6	1042
1339.8	1089
1340	1035
1340.2	1106
1340.4	1146
1340.6	1112
1340.8	1070
1341	1081
1341.2	1129
1341.4	1076
1341.6	1019
1341.8	1072
1342	1102
1342.2	1112
1342.4	1108
1342.6	1120
1342.8	1125
1343	1124
1343.2	1071
1343.4	1096
1343.6	1051
1343.8	1112
1344	1029
1344.2	1055
1344.4	1077
1344.6	1080
1344.8	1100
1345	1115
1345.2	1104
1345.4	1108
1345.6	1122
1345.8	1169
1346	1066
1346.2	1146
1346.4	1145
1346.6	1096
1346.8	1131
1347	1115
1347.2	1081
1347.4	1095
1347.6	1177
1347.8	1050
1348	1106
1348.2	1115
1348.4	1084
1348.6	1056
1348.8	1039
1349	1142
1349.2	1132
1349.4	1127
1349.6	1112
1349.8	1103
1350	1080
1350.2	1169
1350.4	1064
1350.6	1080
1350.8	1044
1351	1117
1351.2	1120
1351.4	1106
1351.6	1104
1351.8	1113
1352	1112
1352.2	1122
1352.4	1083
1352.6	1074
1352.8	1106
1353	1123
1353.2	1081
1353.4	1142
1353.6	1058
1353.8	1110
1354	1134
1354.2	1083
1354.4	1141
1354.6	1106
1354.8	1116
1355	1103
1355.2	1047
1355.4	1089
1355.6	1108
1355.8	1131
1356	1126
1356.2	1117
1356.4	1176
1356.6	1098
1356.8	1155
1357	1137
1357.2	1109
1357.4	1192
1357.6	1066
1357.8	1139
1358	1068
1358.2	1071
1358.4	1077
1358.6	1095
1358.8	1105
1359	1175
1359.2	1089
1359.4	1109
1359.6	1064
1359.8	1119
1360	1104
1360.2	1124
1360.4	1168
1360.6	1110
1360.8	1092
1361	1007
1361.2	1107
1361.4	1073
1361.6	1136
1361.8	1056
1362	1029
1362.2	1042
1362.4	1118
1362.6	1027
1362.8	1116
1363	1159
1363.2	1024
1363.4	1045
1363.6	1045
1363.8	1057
1364	1123
1364.2	1097
1364.4	1128
1364.6	1115
1364.8	1032
1365	1085
1365.2	1045
1365.4	1082
1365.6	1096
1365.8	1066
1366	1099
1366.2	1111
1366.4	1070
1366.6	1064
1366.8	1067
1367	998
1367.2	1084
1367.4	1159
1367.6	1123
1367.8	1058
1368	1101
1368.2	1116
1368.4	1063
1368.6	1077
1368.8	1102
1369	1105
1369.2	1047
1369.4	1084
1369.6	1067
1369.8	1074
1370	1104
1370.2	1064
1370.4	1085
1370.6	1071
1370.8	1057
1371	1054
1371.2	1015
1371.4	1090
1371.6	1106
1371.8	1119
1372	1148
1372.2	1024
1372.4	1061
1372.6	1093
1372.8	1091
1373	1082
1373.2	1044
1373.4	1014
1373.6	1043
1373.8	965
1374	1095
1374.2	1088
1374.4	1074
1374.6	1058
1374.8	1049
1375	1056
1375.2	1039
1375.4	1051
1375.6	1037
1375.8	1039
1376	1028
1376.2	1063
1376.4	1004
1376.6	999
1376.8	999
1377	1033
1377.2	1026
1377.4	991
1377.6	1017
1377.8	1050
1378	1027
1378.2	1020
1378.4	1052
1378.6	1094
1378.8	1072
1379	1092
1379.2	1029
1379.4	1035
1379.6	1029
1379.8	1031
1380	1093
1380.2	974
1380.4	1014
1380.6	1055
1380.8	997
1381	1002
1381.2	1022
1381.4	1009
1381.6	972
1381.8	993
1382	1016
1382.2	1045
1382.4	1008
1382.6	997
1382.8	1035
1383	1032
1383.2	1116
1383.4	986
1383.6	1035
1383.8	1021
1384	1036
1384.2	1021
1384.4	1014
1384.6	1023
1384.8	1002
1385	1007
1385.2	1006
1385.4	1022
1385.6	1064
1385.8	995
1386	1061
1386.2	995
1386.4	990
1386.6	997
1386.8	931
1387	1020
1387.2	1012
1387.4	987
1387.6	1003
1387.8	994
1388	1048
1388.2	992
1388.4	942
1388.6	997
1388.8	948
1389	1063
1389.2	960
1389.4	1003
1389.6	1026
1389.8	1030
1390	987
1390.2	967
1390.4	1011
1390.6	956
1390.8	993
1391	964
1391.2	944
1391.4	985
1391.6	1005
1391.8	996
1392	986
1392.2	968
1392.4	977
1392.6	990
1392.8	986
1393	979
1393.2	1047
1393.4	1038
1393.6	983
1393.8	994
1394	971
1394.2	965
1394.4	1012
1394.6	1005
1394.8	971
1395	1006
1395.2	935
1395.4	972
1395.6	1015
1395.8	1029
1396	1029
1396.2	974
1396.4	943
1396.6	970
1396.8	1014
1397	924
1397.2	1026
1397.4	1031
1397.6	971
1397.8	1002
1398	1002
1398.2	990
1398.4	998
1398.6	1001
1398.8	938
1399	1002
1399.2	970
1399.4	967
1399.6	987
1399.8	937
1400	1000
1400.2	928
1400.4	997
1400.6	993
1400.8	994
1401	954
1401.2	1016
1401.4	983
1401.6	1033
1401.8	1021
1402	972
1402.2	1005
1402.4	985
1402.6	1016
1402.8	952
1403	951
1403.2	1033
1403.4	1011
1403.6	985
1403.8	985
1404	1002
1404.2	969
1404.4	1068
1404.6	1021
1404.8	990
1405	1023
1405.2	963
1405.4	1016
1405.6	1021
1405.8	1036
1406	1018
1406.2	1009
1406.4	999
1406.6	1044
1406.8	1017
1407	1026
1407.2	1023
1407.4	1010
1407.6	947
1407.8	1023
1408	1031
1408.2	1006
1408.4	973
1408.6	946
1408.8	999
1409	1015
1409.2	989
1409.4	922
1409.6	978
1409.8	968
1410	1030
1410.2	984
1410.4	1003
1410.6	997
1410.8	1008
1411	1020
1411.2	976
1411.4	1002
1411.6	1007
1411.8	962
1412	1045
1412.2	1025
1412.4	1033
1412.6	1062
1412.8	1039
1413	1044
1413.2	1020
1413.4	1027
1413.6	1025
1413.8	995
1414	1053
1414.2	1015
1414.4	986
1414.6	975
1414.8	1005
1415	1022
1415.2	992
1415.4	1016
1415.6	1062
1415.8	1027
1416	1024
1416.2	1011
1416.4	1028
1416.6	1054
1416.8	1032
1417	1007
1417.2	1006
1417.4	1055
1417.6	1038
1417.8	1103
1418	1049
1418.2	1021
1418.4	1093
1418.6	1039
1418.8	1089
1419	1053
1419.2	1069
1419.4	1007
1419.6	1140
1419.8	1043
1420	1121
1420.2	1076
1420.4	1180
1420.6	1049
1420.8	1066
1421	1073
1421.2	1083
1421.4	1077
1421.6	1060
1421.8	1091
1422	1130
1422.2	1090
1422.4	1079
1422.6	1030
1422.8	1094
1423	1099
1423.2	1117
1423.4	1099
1423.6	1129
1423.8	1083
1424	1060
1424.2	1145
1424.4	1109
1424.6	1145
1424.8	1117
1425	1088
1425.2	1169
1425.4	1111
1425.6	1164
1425.8	1113
1426	1149
1426.2	1162
1426.4	1138
1426.6	1142
1426.8	1169
1427	1076
1427.2	1146
1427.4	1117
1427.6	1149
1427.8	1137
1428	1156
1428.2	1124
1428.4	1183
1428.6	1156
1428.8	1228
1429	1179
1429.2	1139
1429.4	1225
1429.6	1126
1429.8	1144
1430	1120
1430.2	1153
1430.4	1160
1430.6	1100
1430.8	1159
1431	1122
1431.2	1122
1431.4	1146
1431.6	1178
1431.8	1188
1432	1195
1432.2	1191
1432.4	1189
1432.6	1131
1432.8	1215
1433	1122
1433.2	1192
1433.4	1182
1433.6	1167
1433.8	1237
1434	1218
1434.2	1179
1434.4	1197
1434.6	1138
1434.8	1162
1435	1208
1435.2	1197
1435.4	1147
1435.6	1190
1435.8	1163
1436	1147
1436.2	1144
1436.4	1208
1436.6	1139
1436.8	1233
1437	1163
1437.2	1168
1437.4	1252
1437.6	1145
1437.8	1274
1438	1210
1438.2	1146
1438.4	1185
1438.6	1155
1438.8	1274
1439	1210
1439.2	1233
1439.4	1240
1439.6	1198
1439.8	1230
1440	1210
1440.2	1231
1440.4	1289
1440.6	1210
1440.8	1174
1441	1228
1441.2	1215
1441.4	1191
1441.6	1213
1441.8	1178
1442	1188
1442.2	1214
1442.4	1210
1442.6	1281
1442.8	1220
1443	1165
1443.2	1161
1443.4	1285
1443.6	1252
1443.8	1181
1444	1215
1444.2	1259
1444.4	1241
1444.6	1219
1444.8	1212
1445	1236
1445.2	1247
1445.4	1203
1445.6	1234
1445.8	1233
1446	1287
1446.2	1293
1446.4	1235
1446.6	1256
1446.8	1170
1447	1217
1447.2	1276
1447.4	1228
1447.6	1249
1447.8	1271
1448	1235
1448.2	1234
1448.4	1251
1448.6	1263
1448.8	1223
1449	1266
1449.2	1196
1449.4	1313
1449.6	1239
1449.8	1241
1450	1274
1450.2	1303
1450.4	1329
1450.6	1268
1450.8	1242
1451	1265
1451.2	1217
1451.4	1319
1451.6	1227
1451.8	1257
1452	1308
1452.2	1274
1452.4	1290
1452.6	1207
1452.8	1312
1453	1333
1453.2	1296
1453.4	1346
1453.6	1310
1453.8	1242
1454	1234
1454.2	1311
1454.4	1198
1454.6	1283
1454.8	1296
1455	1338
1455.2	1267
1455.4	1334
1455.6	1273
1455.8	1373
1456	1316
1456.2	1208
1456.4	1343
1456.6	1276
1456.8	1288
1457	1340
1457.2	1259
1457.4	1321
1457.6	1331
1457.8	1283
1458	1332
1458.2	1314
1458.4	1369
1458.6	1317
1458.8	1305
1459	1283
1459.2	1340
1459.4	1261
1459.6	1352
1459.8	1291
1460	1250
1460.2	1281
1460.4	1346
1460.6	1361
1460.8	1308
1461	1354
1461.2	1295
1461.4	1354
1461.6	1306
1461.8	1278
1462	1275
1462.2	1341
1462.4	1360
1462.6	1365
1462.8	1336
1463	1266
1463.2	1357
1463.4	1305
1463.6	1234
1463.8	1270
1464	1337
1464.2	1373
1464.4	1288
1464.6	1372
1464.8	1388
1465	1297
1465.2	1355
1465.4	1309
1465.6	1409
1465.8	1393
1466	1336
1466.2	1322
1466.4	1299
1466.6	1306
1466.8	1362
1467	1363
1467.2	1299
1467.4	1307
1467.6	1361
1467.8	1304
1468	1326
1468.2	1292
1468.4	1349
1468.6	1298
1468.8	1366
1469	1306
1469.2	1288
1469.4	1365
1469.6	1326
1469.8	1291
1470	1249
1470.2	1275
1470.4	1317
1470.6	1349
1470.8	1342
1471	1366
1471.2	1327
1471.4	1285
1471.6	1326
1471.8	1244
1472	1286
1472.2	1404
1472.4	1321
1472.6	1260
1472.8	1342
1473	1308
1473.2	1308
1473.4	1320
1473.6	1410
1473.8	1348
1474	1334
1474.2	1329
1474.4	1304
1474.6	1373
1474.8	1344
1475	1376
1475.2	1290
1475.4	1320
1475.6	1246
1475.8	1319
1476	1297
1476.2	1325
1476.4	1298
1476.6	1323
1476.8	1322
1477	1304
1477.2	1373
1477.4	1392
1477.6	1424
1477.8	1414
1478	1307
1478.2	1305
1478.4	1292
1478.6	1332
1478.8	1377
1479	1303
1479.2	1306
1479.4	1321
1479.6	1314
1479.8	1365
1480	1279
1480.2	1361
1480.4	1303
1480.6	1282
1480.8	1275
1481	1338
1481.2	1351
1481.4	1306
1481.6	1300
1481.8	1334
1482	1325
1482.2	1282
1482.4	1353
1482.6	1322
1482.8	1338
1483	1345
1483.2	1330
1483.4	1323
1483.6	1350
1483.8	1321
1484	1267
1484.2	1285
1484.4	1320
1484.6	1256
1484.8	1276
1485	1268
1485.2	1226
1485.4	1240
1485.6	1291
1485.8	1264
1486	1245
1486.2	1360
1486.4	1264
1486.6	1247
1486.8	1265
1487	1269
1487.2	1269
1487.4	1256
1487.6	1201
1487.8	1253
1488	1291
1488.2	1207
1488.4	1233
1488.6	1231
1488.8	1334
1489	1313
1489.2	1225
1489.4	1304
1489.6	1290
1489.8	1213
1490	1282
1490.2	1301
1490.4	1336
1490.6	1265
1490.8	1226
1491	1279
1491.2	1281
1491.4	1283
1491.6	1247
1491.8	1258
1492	1315
1492.2	1246
1492.4	1281
1492.6	1181
1492.8	1342
1493	1201
1493.2	1223
1493.4	1216
1493.6	1238
1493.8	1280
1494	1229
1494.2	1250
1494.4	1246
1494.6	1348
1494.8	1325
1495	1320
1495.2	1241
1495.4	1280
1495.6	1243
1495.8	1279
1496	1266
1496.2	1241
1496.4	1175
1496.6	1237
1496.8	1198
1497	1295
1497.2	1273
1497.4	1203
1497.6	1216
1497.8	1209
1498	1266
1498.2	1169
1498.4	1187
1498.6	1264
1498.8	1243
1499	1248
1499.2	1252
1499.4	1239
1499.6	1210
1499.8	1280
1500	1245
1500.2	1277
1500.4	1288
1500.6	1237
1500.8	1251
1501	1250
1501.2	1247
1501.4	1159
1501.6	1264
1501.8	1289
1502	1267
1502.2	1236
1502.4	1288
1502.6	1288
1502.8	1256
1503	1238
1503.2	1252
1503.4	1201
1503.6	1269
1503.8	1182
1504	1287
1504.2	1234
1504.4	1279
1504.6	1279
1504.8	1287
1505	1152
1505.2	1279
1505.4	1222
1505.6	1243
1505.8	1216
1506	1250
1506.2	1194
1506.4	1197
1506.6	1290
1506.8	1238
1507	1169
1507.2	1219
1507.4	1232
1507.6	1295
1507.8	1283
1508	1243
1508.2	1214
1508.4	1296
1508.6	1267
1508.8	1248
1509	1188
1509.2	1207
1509.4	1227
1509.6	1226
1509.8	1233
1510	1145
1510.2	1149
1510.4	1159
1510.6	1187
1510.8	1265
1511	1243
1511.2	1121
1511.4	1117
1511.6	1184
1511.8	1226
1512	1178
1512.2	1174
1512.4	1202
1512.6	1181
1512.8	1228
1513	1183
1513.2	1248
1513.4	1146
1513.6	1239
1513.8	1293
1514	1217
1514.2	1219
1514.4	1196
1514.6	1182
1514.8	1113
1515	1187
1515.2	1166
1515.4	1173
1515.6	1142
1515.8	1059
1516	1220
1516.2	1210
1516.4	1184
1516.6	1188
1516.8	1186
1517	1256
1517.2	1252
1517.4	1236
1517.6	1146
1517.8	1222
1518	1198
1518.2	1186
1518.4	1135
1518.6	1208
1518.8	1205
1519	1132
1519.2	1186
1519.4	1263
1519.6	1168
1519.8	1195
1520	1150
1520.2	1196
1520.4	1189
1520.6	1221
1520.8	1202
1521	1163
1521.2	1189
1521.4	1132
1521.6	1128
1521.8	1163
1522	1165
1522.2	1127
1522.4	1125
1522.6	1195
1522.8	1150
1523	1185
1523.2	1227
1523.4	1100
1523.6	1152
1523.8	1247
1524	1184
1524.2	1209
1524.4	1161
1524.6	1137
1524.8	1188
1525	1176
1525.2	1241
1525.4	1154
1525.6	1161
1525.8	1230
1526	1250
1526.2	1242
1526.4	1139
1526.6	1204
1526.8	1179
1527	1200
1527.2	1101
1527.4	1187
1527.6	1187
1527.8	1216
1528	1185
1528.2	1140
1528.4	1116
1528.6	1143
1528.8	1211
1529	1149
1529.2	1175
1529.4	1198
1529.6	1147
1529.8	1138
1530	1141
1530.2	1173
1530.4	1192
1530.6	1134
1530.8	1223
1531	1185
1531.2	1174
1531.4	1214
1531.6	1163
1531.8	1151
1532	1168
1532.2	1087
1532.4	1104
1532.6	1115
1532.8	1178
1533	1193
1533.2	1136
1533.4	1156
1533.6	1084
1533.8	1139
1534	1116
1534.2	1162
1534.4	1102
1534.6	1135
1534.8	1192
1535	1156
1535.2	1117
1535.4	1151
1535.6	1150
1535.8	1166
1536	1206
1536.2	1145
1536.4	1160
1536.6	1232
1536.8	1187
1537	1177
1537.2	1212
1537.4	1198
1537.6	1158
1537.8	1186
1538	1161
1538.2	1118
1538.4	1103
1538.6	1194
1538.8	1164
1539	1116
1539.2	1196
1539.4	1133
1539.6	1130
1539.8	1209
1540	1124
1540.2	1105
1540.4	1213
1540.6	1212
1540.8	1201
1541	1204
1541.2	1188
1541.4	1159
1541.6	1178
1541.8	1142
1542	1163
1542.2	1184
1542.4	1159
1542.6	1139
1542.8	1133
1543	1134
1543.2	1180
1543.4	1161
1543.6	1202
1543.8	1110
1544	1070
1544.2	1099
1544.4	1127
1544.6	1242
1544.8	1112
1545	1123
1545.2	1208
1545.4	1086
1545.6	1236
1545.8	1179
1546	1130
1546.2	1160
1546.4	1125
1546.6	1134
1546.8	1149
1547	1160
1547.2	1136
1547.4	1133
1547.6	1109
1547.8	1112
1548	1126
1548.2	1120
1548.4	1088
1548.6	1097
1548.8	1051
1549	1091
1549.2	1117
1549.4	1057
1549.6	1117
1549.8	1065
1550	1155
1550.2	1124
1550.4	1146
1550.6	1027
1550.8	1140
1551	1169
1551.2	1133
1551.4	1102
1551.6	1144
1551.8	1135
1552	1116
1552.2	1127
1552.4	1074
1552.6	1101
1552.8	1116
1553	1099
1553.2	1146
1553.4	1119
1553.6	1157
1553.8	1115
1554	1160
1554.2	1146
1554.4	1138
1554.6	1162
1554.8	1119
1555	1012
1555.2	1118
1555.4	1139
1555.6	1065
1555.8	1063
1556	1106
1556.2	1140
1556.4	1108
1556.6	1076
1556.8	1154
1557	1091
1557.2	1159
1557.4	1158
1557.6	1091
1557.8	1120
1558	1101
1558.2	1127
1558.4	1046
1558.6	1128
1558.8	1098
1559	1073
1559.2	1136
1559.4	1061
1559.6	1131
1559.8	1139
1560	1066
1560.2	1124
1560.4	1065
1560.6	1039
1560.8	1114
1561	1076
1561.2	1101
1561.4	1078
1561.6	1116
1561.8	1071
1562	1034
1562.2	1042
1562.4	1089
1562.6	1011
1562.8	1130
1563	1082
1563.2	1046
1563.4	1150
1563.6	1084
1563.8	1105
1564	1095
1564.2	1050
1564.4	1089
1564.6	1082
1564.8	1153
1565	1058
1565.2	1093
1565.4	1051
1565.6	1025
1565.8	1083
1566	1086
1566.2	1122
1566.4	1117
1566.6	1064
1566.8	1054
1567	1065
1567.2	1101
1567.4	1060
1567.6	1080
1567.8	1134
1568	1065
1568.2	1130
1568.4	1094
1568.6	1100
1568.8	1057
1569	1133
1569.2	1079
1569.4	993
1569.6	1100
1569.8	1073
1570	1035
1570.2	1128
1570.4	1006
1570.6	1115
1570.8	1068
1571	1107
1571.2	1081
1571.4	1043
1571.6	1032
1571.8	1046
1572	1096
1572.2	1080
1572.4	1044
1572.6	1058
1572.8	1097
1573	1030
1573.2	1055
1573.4	1054
1573.6	1091
1573.8	1046
1574	1087
1574.2	1089
1574.4	1060
1574.6	987
1574.8	1099
1575	1042
1575.2	1078
1575.4	1041
1575.6	1041
1575.8	980
1576	1004
1576.2	1027
1576.4	1073
1576.6	952
1576.8	1030
1577	1017
1577.2	989
1577.4	1047
1577.6	1033
1577.8	999
1578	1049
1578.2	1076
1578.4	1017
1578.6	1028
1578.8	1047
1579	1047
1579.2	990
1579.4	1075
1579.6	1050
1579.8	1013
1580	1023
1580.2	1008
1580.4	1048
1580.6	1047
1580.8	945
1581	1075
1581.2	1010
1581.4	1035
1581.6	1012
1581.8	1073
1582	994
1582.2	1023
1582.4	1037
1582.6	983
1582.8	1028
1583	1064
1583.2	1054
1583.4	1035
1583.6	1084
1583.8	1041
1584	1030
1584.2	1083
1584.4	1013
1584.6	958
1584.8	982
1585	1040
1585.2	1000
1585.4	1011
1585.6	984
1585.8	1000
1586	1004
1586.2	998
1586.4	958
1586.6	998
1586.8	1006
1587	978
1587.2	990
1587.4	957
1587.6	960
1587.8	1035
1588	953
1588.2	1039
1588.4	992
1588.6	966
1588.8	943
1589	946
1589.2	920
1589.4	967
1589.6	1034
1589.8	957
1590	1043
1590.2	966
1590.4	996
1590.6	932
1590.8	950
1591	1051
1591.2	957
1591.4	989
1591.6	1071
1591.8	969
1592	1010
1592.2	998
1592.4	937
1592.6	968
1592.8	962
1593	1018
1593.2	996
1593.4	999
1593.6	951
1593.8	942
1594	879
1594.2	932
1594.4	923
1594.6	900
1594.8	913
1595	914
1595.2	952
1595.4	941
1595.6	958
1595.8	982
1596	978
1596.2	966
1596.4	944
1596.6	948
1596.8	953
1597	880
1597.2	1012
1597.4	992
1597.6	1006
1597.8	933
1598	957
1598.2	967
1598.4	998
1598.6	959
1598.8	952
1599	927
1599.2	872
1599.4	892
1599.6	1024
1599.8	932
1600	940
1600.2	970
1600.4	926
1600.6	903
1600.8	908
1601	933
1601.2	929
1601.4	941
1601.6	918
1601.8	911
1602	925
1602.2	959
1602.4	878
1602.6	881
1602.8	946
1603	950
1603.2	896
1603.4	950
1603.6	902
1603.8	858
1604	931
1604.2	903
1604.4	951
1604.6	873
1604.8	900
1605	892
1605.2	999
1605.4	899
1605.6	944
1605.8	876
1606	888
1606.2	881
1606.4	917
1606.6	895
1606.8	866
1607	909
1607.2	858
1607.4	894
1607.6	841
1607.8	841
1608	894
1608.2	830
1608.4	859
1608.6	861
1608.8	917
1609	870
1609.2	917
1609.4	846
1609.6	883
1609.8	825
1610	916
1610.2	914
1610.4	836
1610.6	817
1610.8	900
1611	879
1611.2	872
1611.4	884
1611.6	858
1611.8	889
1612	851
1612.2	912
1612.4	872
1612.6	820
1612.8	858
1613	902
1613.2	795
1613.4	874
1613.6	845
1613.8	852
1614	905
1614.2	835
1614.4	881
1614.6	844
1614.8	893
1615	890
1615.2	855
1615.4	861
1615.6	875
1615.8	884
1616	856
1616.2	840
1616.4	824
1616.6	894
1616.8	844
1617	817
1617.2	855
1617.4	786
1617.6	815
1617.8	837
1618	802
1618.2	877
1618.4	893
1618.6	852
1618.8	843
1619	853
1619.2	877
1619.4	866
1619.6	855
1619.8	843
1620	748
1620.2	854
1620.4	906
1620.6	902
1620.8	845
1621	890
1621.2	848
1621.4	844
1621.6	891
1621.8	891
1622	834
1622.2	871
1622.4	885
1622.6	902
1622.8	832
1623	831
1623.2	842
1623.4	904
1623.6	906
1623.8	813
1624	851
1624.2	891
1624.4	851
1624.6	841
1624.8	852
1625	843
1625.2	871
1625.4	867
1625.6	897
1625.8	830
1626	845
1626.2	813
1626.4	897
1626.6	816
1626.8	811
1627	796
1627.2	841
1627.4	786
1627.6	817
1627.8	768
1628	817
1628.2	820
1628.4	865
1628.6	797
1628.8	888
1629	752
1629.2	821
1629.4	838
1629.6	800
1629.8	804
1630	813
1630.2	765
1630.4	813
1630.6	816
1630.8	776
1631	821
1631.2	871
1631.4	821
1631.6	788
1631.8	816
1632	785
1632.2	807
1632.4	816
1632.6	833
1632.8	831
1633	816
1633.2	882
1633.4	870
1633.6	800
1633.8	813
1634	836
1634.2	778
1634.4	857
1634.6	814
1634.8	822
1635	786
1635.2	796
1635.4	771
1635.6	788
1635.8	761
1636	825
1636.2	806
1636.4	826
1636.6	762
1636.8	767
1637	819
1637.2	765
1637.4	789
1637.6	849
1637.8	767
1638	790
1638.2	821
1638.4	768
1638.6	789
1638.8	841
1639	810
1639.2	793
1639.4	816
1639.6	805
1639.8	809
1640	753
1640.2	785
1640.4	717
1640.6	763
1640.8	801
1641	834
1641.2	789
1641.4	769
1641.6	855
1641.8	832
1642	824
1642.2	792
1642.4	770
1642.6	815
1642.8	834
1643	807
1643.2	748
1643.4	866
1643.6	840
1643.8	809
1644	781
1644.2	794
1644.4	803
1644.6	760
1644.8	803
1645	802
1645.2	794
1645.4	827
1645.6	800
1645.8	800
1646	825
1646.2	783
1646.4	788
1646.6	781
1646.8	732
1647	762
1647.2	765
1647.4	753
1647.6	734
1647.8	790
1648	816
1648.2	756
1648.4	797
1648.6	759
1648.8	811
1649	753
1649.2	751
1649.4	762
1649.6	785
1649.8	802
1650	755
1650.2	752
1650.4	765
1650.6	770
1650.8	736
1651	754
1651.2	804
1651.4	738
1651.6	764
1651.8	735
1652	768
1652.2	783
1652.4	708
1652.6	782
1652.8	790
1653	783
1653.2	809
1653.4	747
1653.6	825
1653.8	767
1654	757
1654.2	756
1654.4	798
1654.6	783
1654.8	793
1655	768
1655.2	814
1655.4	746
1655.6	768
1655.8	786
1656	763
1656.2	670
1656.4	766
1656.6	756
1656.8	831
1657	715
1657.2	748
1657.4	759
1657.6	757
1657.8	780
1658	738
1658.2	740
1658.4	721
1658.6	757
1658.8	718
1659	756
1659.2	725
1659.4	714
1659.6	783
1659.8	757
1660	748
1660.2	761
1660.4	770
1660.6	777
1660.8	740
1661	800
1661.2	789
1661.4	813
1661.6	755
1661.8	754
1662	833
1662.2	791
1662.4	810
1662.6	752
1662.8	758
1663	740
1663.2	757
1663.4	797
1663.6	715
1663.8	733
1664	800
1664.2	791
1664.4	786
1664.6	740
1664.8	758
1665	770
1665.2	795
1665.4	787
1665.6	753
1665.8	753
1666	712
1666.2	757
1666.4	733
1666.6	816
1666.8	780
1667	796
1667.2	708
1667.4	743
1667.6	740
1667.8	763
1668	742
1668.2	756
1668.4	754
1668.6	731
1668.8	731
1669	735
1669.2	692
1669.4	770
1669.6	766
1669.8	783
1670	769
1670.2	773
1670.4	726
1670.6	737
1670.8	771
1671	762
1671.2	719
1671.4	755
1671.6	745
1671.8	735
1672	708
1672.2	755
1672.4	734
1672.6	794
1672.8	748
1673	817
1673.2	748
1673.4	782
1673.6	723
1673.8	730
1674	756
1674.2	722
1674.4	723
1674.6	770
1674.8	687
1675	795
1675.2	755
1675.4	796
1675.6	738
1675.8	807
1676	787
1676.2	725
1676.4	779
1676.6	742
1676.8	765
1677	744
1677.2	737
1677.4	804
1677.6	788
1677.8	827
1678	794
1678.2	782
1678.4	775
1678.6	727
1678.8	745
1679	765
1679.2	783
1679.4	735
1679.6	743
1679.8	746
1680	764
1680.2	775
1680.4	764
1680.6	655
1680.8	810
1681	732
1681.2	740
1681.4	684
1681.6	731
1681.8	770
1682	763
1682.2	718
1682.4	754
1682.6	724
1682.8	718
1683	742
1683.2	740
1683.4	747
1683.6	724
1683.8	773
1684	733
1684.2	744
1684.4	768
1684.6	773
1684.8	801
1685	813
1685.2	846
1685.4	745
1685.6	747
1685.8	751
1686	731
1686.2	786
1686.4	785
1686.6	799
1686.8	767
1687	802
1687.2	844
1687.4	809
1687.6	758
1687.8	772
1688	737
1688.2	748
1688.4	701
1688.6	762
1688.8	771
1689	800
1689.2	780
1689.4	792
1689.6	743
1689.8	729
1690	739
1690.2	743
1690.4	789
1690.6	739
1690.8	740
1691	658
1691.2	751
1691.4	721
1691.6	791
1691.8	752
1692	775
1692.2	741
1692.4	763
1692.6	758
1692.8	661
1693	763
1693.2	758
1693.4	729
1693.6	744
1693.8	764
1694	792
1694.2	778
1694.4	732
1694.6	762
1694.8	787
1695	720
1695.2	798
1695.4	719
1695.6	743
1695.8	779
1696	728
1696.2	695
1696.4	750
1696.6	775
1696.8	681
1697	743
1697.2	777
1697.4	720
1697.6	735
1697.8	770
1698	799
1698.2	713
1698.4	746
1698.6	732
1698.8	790
1699	762
1699.2	706
1699.4	692
1699.6	723
1699.8	712
1700	737
