1000	4164.09
1000.2	4154.91
1000.4	4152.09
1000.6	4150.64
1000.8	4150.73
1001	4134.09
1001.2	4127
1001.4	4129.64
1001.6	4126.36
1001.8	4147.09
1002	4138.82
1002.2	4144.36
1002.4	4150.36
1002.6	4151.55
1002.8	4145.55
1003	4152.27
1003.2	4175
1003.4	4174.55
1003.6	4179.27
1003.8	4169
1004	4171.55
1004.2	4171.36
1004.4	4173.91
1004.6	4169.64
1004.8	4164.64
1005	4164.82
1005.2	4158.36
1005.4	4148.09
1005.6	4156.36
1005.8	4159.82
1006	4170.45
1006.2	4173
1006.4	4178.55
1006.6	4179.82
1006.8	4184.27
1007	4191
1007.2	4193.45
1007.4	4192
1007.6	4192.73
1007.8	4196.36
1008	4194.36
1008.2	4189.36
1008.4	4190.55
1008.6	4198.45
1008.8	4192.91
1009	4202.27
1009.2	4202.18
1009.4	4219
1009.6	4229.09
1009.8	4232.64
1010	4224.27
1010.2	4221.55
1010.4	4234.27
1010.6	4229.18
1010.8	4208.45
1011	4210.45
1011.2	4202.18
1011.4	4209.64
1011.6	4196.09
1011.8	4188.64
1012	4182.55
1012.2	4182.73
1012.4	4183
1012.6	4171.73
1012.8	4166.73
1013	4170.91
1013.2	4167.82
1013.4	4175.55
1013.6	4162.45
1013.8	4163.73
1014	4163
1014.2	4167
1014.4	4181.55
1014.6	4182.45
1014.8	4180.18
1015	4177
1015.2	4167.64
1015.4	4176.36
1015.6	4177.27
1015.8	4184.91
1016	4189
1016.2	4189.73
1016.4	4186.18
1016.6	4177.45
1016.8	4177.73
1017	4182.91
1017.2	4189.45
1017.4	4209.18
1017.6	4206.36
1017.8	4192.55
1018	4189.73
1018.2	4194.09
1018.4	4187
1018.6	4198.18
1018.8	4205.73
1019	4218.18
1019.2	4224.18
1019.4	4227.55
1019.6	4224.55
1019.8	4223.27
1020	4231.36
1020.2	4239.18
1020.4	4241
1020.6	4247.27
1020.8	4249.73
1021	4251
1021.2	4243.27
1021.4	4239.45
1021.6	4238.36
1021.8	4240.73
1022	4228.82
1022.2	4230.64
1022.4	4227.27
1022.6	4229.18
1022.8	4229.91
1023	4213.36
1023.2	4203
1023.4	4203.55
1023.6	4210.82
1023.8	4201.82
1024	4204
1024.2	4220
1024.4	4218.64
1024.6	4220.64
1024.8	4217.64
1025	4222.82
1025.2	4222.27
1025.4	4219.36
1025.6	4229.09
1025.8	4228.82
1026	4249.18
1026.2	4247.73
1026.4	4250.55
1026.6	4255.18
1026.8	4259.45
1027	4262.36
1027.2	4268.09
1027.4	4281
1027.6	4287.55
1027.8	4270.27
1028	4265.27
1028.2	4261.82
1028.4	4259.27
1028.6	4249.18
1028.8	4251.55
1029	4251.55
1029.2	4241.73
1029.4	4249.55
1029.6	4256.82
1029.8	4265.64
1030	4286.82
1030.2	4294.73
1030.4	4290.45
1030.6	4299.91
1030.8	4307.18
1031	4310.55
1031.2	4314
1031.4	4317.36
1031.6	4299.55
1031.8	4297.55
1032	4291.64
1032.2	4277.55
1032.4	4292.73
1032.6	4303.45
1032.8	4303.73
1033	4297.64
1033.2	4296.64
1033.4	4301
1033.6	4304.27
1033.8	4318.55
1034	4324.73
1034.2	4332.09
1034.4	4349
1034.6	4330.64
1034.8	4325.27
1035	4332.09
1035.2	4344
1035.4	4340
1035.6	4323.64
1035.8	4334.27
1036	4331.45
1036.2	4332.27
1036.4	4333.09
1036.6	4319.36
1036.8	4335.45
1037	4337.18
1037.2	4318.73
1037.4	4310.64
1037.6	4319.36
1037.8	4332.18
1038	4322
1038.2	4322.91
1038.4	4320.73
1038.6	4312.73
1038.8	4315.91
1039	4317.73
1039.2	4316.27
1039.4	4325
1039.6	4334.64
1039.8	4331.45
1040	4330.27
1040.2	4333.18
1040.4	4329.18
1040.6	4330.27
1040.8	4344.18
1041	4358.91
1041.2	4343.64
1041.4	4346.45
1041.6	4348.36
1041.8	4355.55
1042	4358.09
1042.2	4369.27
1042.4	4384.82
1042.6	4392.27
1042.8	4393.45
1043	4396.45
1043.2	4391.73
1043.4	4398.36
1043.6	4402.91
1043.8	4408.36
1044	4408.82
1044.2	4413.64
1044.4	4410.36
1044.6	4406.55
1044.8	4415.36
1045	4415.36
1045.2	4419.18
1045.4	4419.82
1045.6	4422.82
1045.8	4430
1046	4432.27
1046.2	4438.55
1046.4	4440.73
1046.6	4450.91
1046.8	4451.36
1047	4441.18
1047.2	4440.27
1047.4	4438
1047.6	4434.91
1047.8	4446.82
1048	4445.45
1048.2	4463.18
1048.4	4461.45
1048.6	4464.27
1048.8	4460.45
1049	4450.55
1049.2	4464
1049.4	4474.73
1049.6	4484.36
1049.8	4485.55
1050	4485.27
1050.2	4492.36
1050.4	4491.73
1050.6	4485.09
1050.8	4483.45
1051	4465.18
1051.2	4484.09
1051.4	4489
1051.6	4483.91
1051.8	4480.09
1052	4491.45
1052.2	4486.09
1052.4	4477
1052.6	4467.36
1052.8	4477.82
1053	4493.18
1053.2	4508.36
1053.4	4494.45
1053.6	4475.91
1053.8	4488.64
1054	4486
1054.2	4486.27
1054.4	4490.36
1054.6	4504.82
1054.8	4512.18
1055	4515.64
1055.2	4510.91
1055.4	4516.55
1055.6	4520
1055.8	4536.64
1056	4529.73
1056.2	4520.18
1056.4	4521
1056.6	4518.64
1056.8	4514.36
1057	4499
1057.2	4496.91
1057.4	4501.36
1057.6	4503.91
1057.8	4526.27
1058	4525
1058.2	4519.45
1058.4	4520.64
1058.6	4523.09
1058.8	4543.91
1059	4543.64
1059.2	4549.91
1059.4	4543.36
1059.6	4535.82
1059.8	4526.55
1060	4504.27
1060.2	4499
1060.4	4497
1060.6	4512.82
1060.8	4520
1061	4499.45
1061.2	4503.18
1061.4	4511.73
1061.6	4515.09
1061.8	4524.45
1062	4549.91
1062.2	4562.82
1062.4	4567
1062.6	4589.55
1062.8	4595.45
1063	4588.73
1063.2	4599.09
1063.4	4612.64
1063.6	4628.82
1063.8	4636.82
1064	4632.27
1064.2	4633.64
1064.4	4641
1064.6	4657.64
1064.8	4659.73
1065	4659.91
1065.2	4658
1065.4	4665.36
1065.6	4646.55
1065.8	4639.45
1066	4645.73
1066.2	4649.09
1066.4	4652.36
1066.6	4649
1066.8	4643.55
1067	4641.64
1067.2	4649.82
1067.4	4656.82
1067.6	4655.36
1067.8	4663.82
1068	4675.09
1068.2	4683.36
1068.4	4697.45
1068.6	4686.09
1068.8	4696.09
1069	4692.09
1069.2	4706
1069.4	4690.27
1069.6	4700.45
1069.8	4713
1070	4730.91
1070.2	4710.55
1070.4	4708.45
1070.6	4698.64
1070.8	4716.55
1071	4723.09
1071.2	4739.55
1071.4	4726.91
1071.6	4728.64
1071.8	4738.18
1072	4728
1072.2	4720.91
1072.4	4730
1072.6	4727
1072.8	4741.45
1073	4728.73
1073.2	4731
1073.4	4736.18
1073.6	4752.91
1073.8	4781.73
1074	4768.09
1074.2	4777.09
1074.4	4779.27
1074.6	4772.64
1074.8	4780.64
1075	4775.36
1075.2	4773
1075.4	4771
1075.6	4772.18
1075.8	4776.18
1076	4768.18
1076.2	4778.45
1076.4	4788.55
1076.6	4789.64
1076.8	4810.82
1077	4816.82
1077.2	4816.55
1077.4	4830.91
1077.6	4825.73
1077.8	4828.18
1078	4819.64
1078.2	4820.73
1078.4	4831.36
1078.6	4816.18
1078.8	4827.36
1079	4830.27
1079.2	4832.64
1079.4	4846.36
1079.6	4839.27
1079.8	4857.45
1080	4860.18
1080.2	4870.36
1080.4	4876
1080.6	4876.73
1080.8	4895.18
1081	4886.45
1081.2	4889.64
1081.4	4881.82
1081.6	4889.18
1081.8	4898.55
1082	4890.64
1082.2	4885.27
1082.4	4884.91
1082.6	4882.64
1082.8	4878.82
1083	4875.45
1083.2	4896.91
1083.4	4908.09
1083.6	4926.27
1083.8	4938.82
1084	4933.91
1084.2	4942.09
1084.4	4952.55
1084.6	4961.27
1084.8	4980.27
1085	5002
1085.2	5015.09
1085.4	5013.18
1085.6	5019.45
1085.8	5023
1086	5010.73
1086.2	5026.82
1086.4	5030.55
1086.6	5036.82
1086.8	5051.27
1087	5054.36
1087.2	5050.73
1087.4	5045.91
1087.6	5059.64
1087.8	5047.55
1088	5065.27
1088.2	5072.91
1088.4	5085.55
1088.6	5098.55
1088.8	5111.64
1089	5109.55
1089.2	5119.91
1089.4	5112.82
1089.6	5115
1089.8	5115.64
1090	5133.73
1090.2	5122.91
1090.4	5142.27
1090.6	5145.73
1090.8	5155.09
1091	5158
1091.2	5156
1091.4	5157.27
1091.6	5181.55
1091.8	5204.18
1092	5199.09
1092.2	5207.91
1092.4	5204.91
1092.6	5204.55
1092.8	5210.27
1093	5213.45
1093.2	5212.36
1093.4	5236.27
1093.6	5238.55
1093.8	5237.36
1094	5241.36
1094.2	5260.18
1094.4	5270.09
1094.6	5289.27
1094.8	5299.73
1095	5314.82
1095.2	5310.27
1095.4	5334.27
1095.6	5329.91
1095.8	5337.55
1096	5339.55
1096.2	5338.45
1096.4	5349.91
1096.6	5358.18
1096.8	5369.55
1097	5361.09
1097.2	5371.18
1097.4	5400
1097.6	5402.55
1097.8	5413.73
1098	5423.36
1098.2	5447.73
1098.4	5464.36
1098.6	5477.91
1098.8	5481.91
1099	5492.64
1099.2	5507
1099.4	5507.18
1099.6	5504
1099.8	5500.36
1100	5505.45
1100.2	5506.82
1100.4	5506.18
1100.6	5511.36
1100.8	5507.64
1101	5521.73
1101.2	5532.82
1101.4	5539.27
1101.6	5551.09
1101.8	5562.73
1102	5587
1102.2	5600.27
1102.4	5621.36
1102.6	5645.27
1102.8	5667.73
1103	5670.09
1103.2	5680.64
1103.4	5680.64
1103.6	5703.64
1103.8	5711.09
1104	5725.55
1104.2	5732.18
1104.4	5743
1104.6	5745.82
1104.8	5750.09
1105	5746.36
1105.2	5766
1105.4	5781.55
1105.6	5802.09
1105.8	5816.64
1106	5837.27
1106.2	5846.09
1106.4	5856.45
1106.6	5871
1106.8	5895.36
1107	5910.82
1107.2	5951.27
1107.4	5963.73
1107.6	5970.55
1107.8	5995.91
1108	6014.64
1108.2	6033.64
1108.4	6059.18
1108.6	6083.91
1108.8	6122.09
1109	6145.18
1109.2	6158.36
1109.4	6171.73
1109.6	6184.09
1109.8	6213.82
1110	6234.09
1110.2	6235.45
1110.4	6262.55
1110.6	6278.55
1110.8	6293.82
1111	6292.64
1111.2	6300.64
1111.4	6323.64
1111.6	6348.27
1111.8	6381.73
1112	6407.09
1112.2	6416.45
1112.4	6458.27
1112.6	6467.45
1112.8	6489.73
1113	6522.09
1113.2	6551.73
1113.4	6592
1113.6	6608.18
1113.8	6633.36
1114	6672.45
1114.2	6691.91
1114.4	6744.18
1114.6	6765.09
1114.8	6796.45
1115	6833.45
1115.2	6858.36
1115.4	6908.82
1115.6	6933.27
1115.8	6964.18
1116	6987.82
1116.2	7010.55
1116.4	7047.64
1116.6	7056.09
1116.8	7079.27
1117	7110.91
1117.2	7151.18
1117.4	7169.36
1117.6	7178.09
1117.8	7191
1118	7235.64
1118.2	7248.64
1118.4	7280.82
1118.6	7302.91
1118.8	7339.82
1119	7390.18
1119.2	7436.82
1119.4	7462.55
1119.6	7503.27
1119.8	7527.82
1120	7587.73
1120.2	7589.36
1120.4	7630.45
1120.6	7661.18
1120.8	7689.18
1121	7718.45
1121.2	7726
1121.4	7738.91
1121.6	7753.64
1121.8	7780.64
1122	7812.09
1122.2	7832.18
1122.4	7892.82
1122.6	7915.36
1122.8	7950.27
1123	7979.64
1123.2	7998.73
1123.4	8026.09
1123.6	8060.18
1123.8	8087.91
1124	8119.27
1124.2	8140.09
1124.4	8154.09
1124.6	8176.36
1124.8	8227.64
1125	8244.27
1125.2	8251.73
1125.4	8268.91
1125.6	8281.18
1125.8	8284.64
1126	8289
1126.2	8277.09
1126.4	8293.82
1126.6	8296.36
1126.8	8289.73
1127	8304.82
1127.2	8292.82
1127.4	8317.27
1127.6	8324.73
1127.8	8333.82
1128	8329
1128.2	8349.73
1128.4	8365.36
1128.6	8376
1128.8	8364.64
1129	8379
1129.2	8357.09
1129.4	8388.73
1129.6	8377.09
1129.8	8364.45
1130	8376.64
1130.2	8380.82
1130.4	8386.91
1130.6	8397.09
1130.8	8385.64
1131	8412.09
1131.2	8397.64
1131.4	8402.82
1131.6	8402.73
1131.8	8419.36
1132	8429.09
1132.2	8434.64
1132.4	8456.36
1132.6	8465.36
1132.8	8465.64
1133	8474.55
1133.2	8479.73
1133.4	8490.91
1133.6	8463.55
1133.8	8439.27
1134	8427.18
1134.2	8445.55
1134.4	8426.91
1134.6	8410.27
1134.8	8376.09
1135	8367
1135.2	8344.91
1135.4	8323.73
1135.6	8311.18
1135.8	8324.45
1136	8322.18
1136.2	8314.18
1136.4	8290.09
1136.6	8292.82
1136.8	8285.55
1137	8294
1137.2	8268.36
1137.4	8270
1137.6	8265.18
1137.8	8271.91
1138	8238.82
1138.2	8212.82
1138.4	8200.18
1138.6	8192.27
1138.8	8148.73
1139	8125.36
1139.2	8096
1139.4	8094.18
1139.6	8067.91
1139.8	8048.64
1140	8012.64
1140.2	8005.82
1140.4	7995.82
1140.6	7979.82
1140.8	7968
1141	7974.73
1141.2	7968.64
1141.4	7950.36
1141.6	7936.73
1141.8	7930.45
1142	7920.18
1142.2	7919.45
1142.4	7916.82
1142.6	7913
1142.8	7899.82
1143	7882.36
1143.2	7876.45
1143.4	7880.36
1143.6	7870.45
1143.8	7859.27
1144	7855.64
1144.2	7857.45
1144.4	7831.36
1144.6	7821.91
1144.8	7819.18
1145	7813.27
1145.2	7796.91
1145.4	7789.82
1145.6	7760.55
1145.8	7755.18
1146	7744.45
1146.2	7742.45
1146.4	7725.27
1146.6	7732.55
1146.8	7734.91
1147	7720.27
1147.2	7709.18
1147.4	7702.73
1147.6	7704.64
1147.8	7687.55
1148	7689.45
1148.2	7682.55
1148.4	7661.27
1148.6	7639
1148.8	7621
1149	7587.45
1149.2	7579.36
1149.4	7553.55
1149.6	7539.55
1149.8	7516.45
1150	7498
1150.2	7466.18
1150.4	7460.64
1150.6	7449.91
1150.8	7448.27
1151	7439.91
1151.2	7444.45
1151.4	7437.18
1151.6	7449.27
1151.8	7442.18
1152	7433.73
1152.2	7443.27
1152.4	7452
1152.6	7448.45
1152.8	7458.73
1153	7460.18
1153.2	7452.64
1153.4	7435.45
1153.6	7420.09
1153.8	7423.36
1154	7414
1154.2	7400
1154.4	7380.45
1154.6	7375
1154.8	7353.27
1155	7322.09
1155.2	7303.45
1155.4	7283.73
1155.6	7263.91
1155.8	7262.36
1156	7242.64
1156.2	7219.36
1156.4	7212.45
1156.6	7204.55
1156.8	7173.64
1157	7150.64
1157.2	7148.36
1157.4	7127.45
1157.6	7114.45
1157.8	7103.73
1158	7078.27
1158.2	7052.27
1158.4	7048.82
1158.6	7045.64
1158.8	7020.91
1159	7020.27
1159.2	7028.09
1159.4	7012.36
1159.6	7023.91
1159.8	7039.73
1160	7053.09
1160.2	7061
1160.4	7056.91
1160.6	7066.55
1160.8	7049.27
1161	7077.36
1161.2	7073.91
1161.4	7081.64
1161.6	7078.36
1161.8	7062.82
1162	7052.45
1162.2	7055.09
1162.4	7046.73
1162.6	7049.36
1162.8	7038.55
1163	7029.09
1163.2	7018.45
1163.4	7026.64
1163.6	7008.36
1163.8	7006.73
1164	7012.73
1164.2	6997.82
1164.4	6981.45
1164.6	6977.18
1164.8	6976.45
1165	6972.45
1165.2	6974.91
1165.4	6973.91
1165.6	6958.18
1165.8	6952.27
1166	6944.64
1166.2	6931.55
1166.4	6934.73
1166.6	6928.55
1166.8	6931.91
1167	6905.18
1167.2	6899.73
1167.4	6899.73
1167.6	6881.45
1167.8	6873.27
1168	6860.18
1168.2	6854
1168.4	6842.18
1168.6	6837
1168.8	6823.36
1169	6799.55
1169.2	6790.36
1169.4	6787.82
1169.6	6780.64
1169.8	6789.09
1170	6784.09
1170.2	6782.73
1170.4	6784.27
1170.6	6795.82
1170.8	6787.45
1171	6795.36
1171.2	6790.55
1171.4	6805.91
1171.6	6803.82
1171.8	6798.27
1172	6798.09
1172.2	6799.82
1172.4	6805.91
1172.6	6803.36
1172.8	6803.91
1173	6805.73
1173.2	6808.18
1173.4	6806.82
1173.6	6810.18
1173.8	6808.82
1174	6807.18
1174.2	6786.45
1174.4	6780.82
1174.6	6767.91
1174.8	6772.45
1175	6760.91
1175.2	6752.73
1175.4	6727.64
1175.6	6732.55
1175.8	6720
1176	6705.27
1176.2	6700.73
1176.4	6703.18
1176.6	6691.18
1176.8	6691.45
1177	6672.64
1177.2	6671.82
1177.4	6673.27
1177.6	6683
1177.8	6677.09
1178	6659.18
1178.2	6668.45
1178.4	6663.64
1178.6	6660.64
1178.8	6662.82
1179	6679.18
1179.2	6689.09
1179.4	6680.73
1179.6	6678.09
1179.8	6681.73
1180	6692.64
1180.2	6701.73
1180.4	6689.45
1180.6	6701.55
1180.8	6690.73
1181	6703.82
1181.2	6700.82
1181.4	6693
1181.6	6685.55
1181.8	6674.36
1182	6653.18
1182.2	6644.36
1182.4	6632
1182.6	6629.36
1182.8	6613.27
1183	6618.91
1183.2	6606.36
1183.4	6572.45
1183.6	6564.73
1183.8	6571.09
1184	6552.82
1184.2	6562.55
1184.4	6543.55
1184.6	6550.73
1184.8	6540.18
1185	6549.73
1185.2	6552.73
1185.4	6563.55
1185.6	6584.64
1185.8	6596.64
1186	6579.18
1186.2	6604.09
1186.4	6608.82
1186.6	6605.91
1186.8	6612.91
1187	6613.64
1187.2	6598.64
1187.4	6604.18
1187.6	6581.82
1187.8	6563.45
1188	6543.64
1188.2	6564.45
1188.4	6548.91
1188.6	6543.55
1188.8	6567.73
1189	6566
1189.2	6584.73
1189.4	6610
1189.6	6614.09
1189.8	6647.55
1190	6663.18
1190.2	6688.82
1190.4	6671.36
1190.6	6678.09
1190.8	6673.64
1191	6669
1191.2	6671
1191.4	6666.45
1191.6	6632.73
1191.8	6610.73
1192	6591.82
1192.2	6581
1192.4	6573.27
1192.6	6568.27
1192.8	6569.18
1193	6564
1193.2	6563.45
1193.4	6560.91
1193.6	6572
1193.8	6583.45
1194	6595.82
1194.2	6589.45
1194.4	6595.09
1194.6	6577.18
1194.8	6584.27
1195	6584.55
1195.2	6586.64
1195.4	6594.36
1195.6	6575.09
1195.8	6560.36
1196	6545.55
1196.2	6546.27
1196.4	6547
1196.6	6538.36
1196.8	6553
1197	6546.64
1197.2	6552.64
1197.4	6561.82
1197.6	6544.64
1197.8	6561.45
1198	6566
1198.2	6574.18
1198.4	6562.64
1198.6	6549.18
1198.8	6553.91
1199	6544
1199.2	6570.36
1199.4	6576.36
1199.6	6571
1199.8	6561.18
1200	6547.64
1200.2	6544.82
1200.4	6557.09
1200.6	6564.91
1200.8	6583.18
1201	6579.09
1201.2	6577.36
1201.4	6573.18
1201.6	6563.36
1201.8	6562.64
1202	6562.09
1202.2	6568.82
1202.4	6569.18
1202.6	6547.64
1202.8	6543.91
1203	6556.91
1203.2	6564.36
1203.4	6561.91
1203.6	6547.55
1203.8	6538.09
1204	6544
1204.2	6560.18
1204.4	6572.36
1204.6	6561.91
1204.8	6575.82
1205	6584.64
1205.2	6570.36
1205.4	6573.55
1205.6	6578.09
1205.8	6562.91
1206	6579.73
1206.2	6579.09
1206.4	6568.09
1206.6	6573.82
1206.8	6575.36
1207	6581.36
1207.2	6579.45
1207.4	6552.82
1207.6	6559.45
1207.8	6556.82
1208	6580.73
1208.2	6581.09
1208.4	6587.55
1208.6	6600.36
1208.8	6590.18
1209	6591.55
1209.2	6605.18
1209.4	6601.45
1209.6	6634
1209.8	6637.82
1210	6639.73
1210.2	6638.36
1210.4	6624.91
1210.6	6620.45
1210.8	6619.82
1211	6620.18
1211.2	6639.64
1211.4	6626.64
1211.6	6640.82
1211.8	6644.73
1212	6619.18
1212.2	6621.45
1212.4	6624.09
1212.6	6639.45
1212.8	6627.91
1213	6641.91
1213.2	6635.82
1213.4	6614.36
1213.6	6604.82
1213.8	6598
1214	6596.18
1214.2	6620.45
1214.4	6617.27
1214.6	6617.64
1214.8	6596.82
1215	6602.91
1215.2	6586.73
1215.4	6589.36
1215.6	6593.55
1215.8	6602.18
1216	6595.73
1216.2	6590
1216.4	6586.91
1216.6	6591
1216.8	6585
1217	6600.55
1217.2	6590.64
1217.4	6593.36
1217.6	6597.45
1217.8	6602.73
1218	6616.27
1218.2	6633
1218.4	6639.27
1218.6	6645.73
1218.8	6660.36
1219	6672.45
1219.2	6665.91
1219.4	6674.45
1219.6	6673
1219.8	6679.82
1220	6674
1220.2	6662.36
1220.4	6655.09
1220.6	6643.82
1220.8	6628.82
1221	6611.91
1221.2	6599.27
1221.4	6599.55
1221.6	6611.64
1221.8	6613.64
1222	6609.91
1222.2	6620.36
1222.4	6631.09
1222.6	6630.09
1222.8	6646.91
1223	6662
1223.2	6674.45
1223.4	6683.82
1223.6	6700.82
1223.8	6700.91
1224	6688
1224.2	6689.91
1224.4	6686.18
1224.6	6674
1224.8	6679.45
1225	6655.73
1225.2	6636.45
1225.4	6625.27
1225.6	6611.45
1225.8	6615.64
1226	6617.27
1226.2	6633.73
1226.4	6629.64
1226.6	6630.73
1226.8	6625.45
1227	6608.36
1227.2	6614.55
1227.4	6619.55
1227.6	6634.55
1227.8	6637.36
1228	6618.36
1228.2	6611.27
1228.4	6603.27
1228.6	6603.64
1228.8	6599.64
1229	6603
1229.2	6614.55
1229.4	6605
1229.6	6596
1229.8	6593.09
1230	6593.27
1230.2	6593.36
1230.4	6598
1230.6	6600.09
1230.8	6607.45
1231	6611.55
1231.2	6604.45
1231.4	6580.64
1231.6	6591.36
1231.8	6601
1232	6578.45
1232.2	6571.82
1232.4	6554.55
1232.6	6548.36
1232.8	6543.82
1233	6534.73
1233.2	6531.45
1233.4	6532.64
1233.6	6551.82
1233.8	6530.73
1234	6530.36
1234.2	6543.36
1234.4	6557.27
1234.6	6587
1234.8	6590.64
1235	6588.64
1235.2	6594.09
1235.4	6591.45
1235.6	6610.45
1235.8	6627.55
1236	6656.55
1236.2	6646.55
1236.4	6653.64
1236.6	6668.27
1236.8	6686
1237	6685.18
1237.2	6677.73
1237.4	6686.64
1237.6	6691.64
1237.8	6677.82
1238	6656
1238.2	6648.27
1238.4	6663.82
1238.6	6650.27
1238.8	6634.27
1239	6601
1239.2	6587.91
1239.4	6605.55
1239.6	6596.45
1239.8	6617.55
1240	6630.45
1240.2	6635.27
1240.4	6646.18
1240.6	6660.64
1240.8	6683.91
1241	6691.36
1241.2	6700.27
1241.4	6717.82
1241.6	6729.36
1241.8	6740.18
1242	6731.82
1242.2	6732.18
1242.4	6718.73
1242.6	6725.27
1242.8	6714
1243	6704.91
1243.2	6697
1243.4	6698.55
1243.6	6702.45
1243.8	6696.27
1244	6690.09
1244.2	6690.64
1244.4	6683.27
1244.6	6719
1244.8	6711.36
1245	6718.18
1245.2	6720.36
1245.4	6733.45
1245.6	6727.27
1245.8	6720.55
1246	6724.18
1246.2	6721.36
1246.4	6715.18
1246.6	6719.55
1246.8	6693.36
1247	6701.27
1247.2	6698.82
1247.4	6708.55
1247.6	6698.36
1247.8	6698.82
1248	6691.45
1248.2	6692.09
1248.4	6701.73
1248.6	6698.91
1248.8	6694.09
1249	6700.36
1249.2	6688.55
1249.4	6693.18
1249.6	6684.09
1249.8	6680.09
1250	6677.64
1250.2	6695.91
1250.4	6702.73
1250.6	6701
1250.8	6711.27
1251	6726.09
1251.2	6755.55
1251.4	6765.18
1251.6	6769.55
1251.8	6777.09
1252	6797.27
1252.2	6811.91
1252.4	6806.36
1252.6	6791.91
1252.8	6780.27
1253	6777.27
1253.2	6788.91
1253.4	6760.09
1253.6	6754.18
1253.8	6745.27
1254	6742
1254.2	6734.45
1254.4	6726.45
1254.6	6727.45
1254.8	6736.18
1255	6746.27
1255.2	6754
1255.4	6744.91
1255.6	6748
1255.8	6760.09
1256	6781.45
1256.2	6787.91
1256.4	6781
1256.6	6786.45
1256.8	6796.18
1257	6803.36
1257.2	6796.27
1257.4	6781.82
1257.6	6774.18
1257.8	6778.09
1258	6766.82
1258.2	6740.73
1258.4	6746.82
1258.6	6763.91
1258.8	6779.91
1259	6788.82
1259.2	6776.82
1259.4	6793.27
1259.6	6792.91
1259.8	6789.18
1260	6797.45
1260.2	6823.27
1260.4	6832
1260.6	6838.36
1260.8	6828.64
1261	6810.36
1261.2	6798.82
1261.4	6813.27
1261.6	6818.18
1261.8	6821.45
1262	6838
1262.2	6836.09
1262.4	6817.73
1262.6	6826.73
1262.8	6830.55
1263	6840
1263.2	6868.64
1263.4	6871.18
1263.6	6867.27
1263.8	6852.91
1264	6874.45
1264.2	6872.09
1264.4	6882.36
1264.6	6882.82
1264.8	6880.91
1265	6880.09
1265.2	6889.82
1265.4	6882.55
1265.6	6879.45
1265.8	6886.18
1266	6891.64
1266.2	6895.09
1266.4	6897.27
1266.6	6894.45
1266.8	6900.36
1267	6905.45
1267.2	6906.09
1267.4	6909.27
1267.6	6916.82
1267.8	6933
1268	6943.91
1268.2	6962.73
1268.4	6968.09
1268.6	6972.09
1268.8	6979.91
1269	6994.27
1269.2	7010.82
1269.4	7021.18
1269.6	7014.09
1269.8	7017.55
1270	7028.82
1270.2	7047.27
1270.4	7064.09
1270.6	7058.27
1270.8	7067.73
1271	7075.64
1271.2	7082.18
1271.4	7076.73
1271.6	7078.18
1271.8	7089.09
1272	7085.36
1272.2	7075.91
1272.4	7061
1272.6	7044.36
1272.8	7048.82
1273	7041.91
1273.2	7050.91
1273.4	7051.82
1273.6	7068.64
1273.8	7063.36
1274	7072.45
1274.2	7079.73
1274.4	7091.27
1274.6	7104.91
1274.8	7132.18
1275	7138.73
1275.2	7148.36
1275.4	7132
1275.6	7140.73
1275.8	7149.64
1276	7151.09
1276.2	7147
1276.4	7152.45
1276.6	7149
1276.8	7149.09
1277	7127.82
1277.2	7138.36
1277.4	7144.64
1277.6	7171.27
1277.8	7173
1278	7166.55
1278.2	7185.36
1278.4	7201.27
1278.6	7196.45
1278.8	7205.18
1279	7211.18
1279.2	7230.09
1279.4	7222.91
1279.6	7235.27
1279.8	7221.55
1280	7213.55
1280.2	7213.82
1280.4	7203.55
1280.6	7198
1280.8	7199.09
1281	7190.55
1281.2	7182.45
1281.4	7179.55
1281.6	7185.91
1281.8	7174.27
1282	7179.82
1282.2	7195.36
1282.4	7198.73
1282.6	7212.73
1282.8	7223
1283	7236.18
1283.2	7257.55
1283.4	7269.55
1283.6	7275.27
1283.8	7283.45
1284	7291.64
1284.2	7297.73
1284.4	7307.64
1284.6	7316.45
1284.8	7318.82
1285	7318.64
1285.2	7321.91
1285.4	7309.73
1285.6	7305.64
1285.8	7307.45
1286	7309.45
1286.2	7324.64
1286.4	7329.09
1286.6	7323.27
1286.8	7313.18
1287	7321.73
1287.2	7326.64
1287.4	7329.27
1287.6	7345.36
1287.8	7355
1288	7351.09
1288.2	7362.45
1288.4	7353.91
1288.6	7365.09
1288.8	7365.91
1289	7385.91
1289.2	7368.55
1289.4	7359.45
1289.6	7370.27
1289.8	7378.82
1290	7378.09
1290.2	7388.55
1290.4	7372.73
1290.6	7383
1290.8	7375.27
1291	7379.82
1291.2	7373.91
1291.4	7394.82
1291.6	7421
1291.8	7436.64
1292	7435.64
1292.2	7433.45
1292.4	7451.36
1292.6	7486.82
1292.8	7493.45
1293	7522.36
1293.2	7546.45
1293.4	7561.09
1293.6	7567.27
1293.8	7593.27
1294	7591.55
1294.2	7603.64
1294.4	7614.91
1294.6	7622.82
1294.8	7606.09
1295	7623
1295.2	7614.45
1295.4	7599.91
1295.6	7598.36
1295.8	7598.64
1296	7570.27
1296.2	7562.73
1296.4	7558.73
1296.6	7550.91
1296.8	7553
1297	7557.27
1297.2	7531.36
1297.4	7538.09
1297.6	7548.55
1297.8	7540.91
1298	7546
1298.2	7559.82
1298.4	7575.91
1298.6	7581.18
1298.8	7599.91
1299	7612
1299.2	7639.18
1299.4	7684.73
1299.6	7700.55
1299.8	7712.36
1300	7736.45
1300.2	7742.91
1300.4	7738.91
1300.6	7731.55
1300.8	7734.09
1301	7742.45
1301.2	7715.55
1301.4	7705.45
1301.6	7682.91
1301.8	7678
1302	7672.73
1302.2	7666.09
1302.4	7676.27
1302.6	7689.27
1302.8	7708.91
1303	7708.45
1303.2	7700.09
1303.4	7722.36
1303.6	7709.36
1303.8	7725.36
1304	7720.73
1304.2	7720.55
1304.4	7737.64
1304.6	7727.09
1304.8	7718
1305	7723.91
1305.2	7731.45
1305.4	7745.45
1305.6	7740.91
1305.8	7770.45
1306	7765.64
1306.2	7779.36
1306.4	7780.09
1306.6	7794.36
1306.8	7816.73
1307	7833.64
1307.2	7851.09
1307.4	7863.27
1307.6	7877.27
1307.8	7898.55
1308	7895.09
1308.2	7906.91
1308.4	7898.09
1308.6	7917.82
1308.8	7909.64
1309	7915.82
1309.2	7921.91
1309.4	7910.64
1309.6	7912.36
1309.8	7899.73
1310	7902.45
1310.2	7910.73
1310.4	7923.36
1310.6	7938.27
1310.8	7944.45
1311	7949.45
1311.2	7951.09
1311.4	7954.55
1311.6	7965.36
1311.8	7990
1312	8013.36
1312.2	8021.91
1312.4	8051
1312.6	8069.36
1312.8	8102.27
1313	8113.64
1313.2	8132.82
1313.4	8152.55
1313.6	8175.27
1313.8	8193.27
1314	8193.73
1314.2	8207.18
1314.4	8211.18
1314.6	8199.73
1314.8	8202.18
1315	8188.55
1315.2	8195.73
1315.4	8181
1315.6	8199.73
1315.8	8199.36
1316	8206.55
1316.2	8222.18
1316.4	8235.09
1316.6	8247.45
1316.8	8246.27
1317	8252.91
1317.2	8255
1317.4	8272.82
1317.6	8302.82
1317.8	8289.91
1318	8297
1318.2	8295.45
1318.4	8296.55
1318.6	8289
1318.8	8312.55
1319	8336.45
1319.2	8348.73
1319.4	8374.82
1319.6	8389.36
1319.8	8391.45
1320	8399
1320.2	8432.55
1320.4	8453
1320.6	8473.73
1320.8	8509.55
1321	8501.73
1321.2	8519.91
1321.4	8540
1321.6	8555.73
1321.8	8553.45
1322	8571
1322.2	8605.64
1322.4	8600
1322.6	8590.27
1322.8	8613.91
1323	8618.64
1323.2	8660.45
1323.4	8684.55
1323.6	8687.27
1323.8	8702.45
1324	8725.82
1324.2	8733.18
1324.4	8746.64
1324.6	8771.55
1324.8	8796.73
1325	8818
1325.2	8844.27
1325.4	8840.73
1325.6	8840.18
1325.8	8871
1326	8899.45
1326.2	8931.82
1326.4	8970.73
1326.6	8970.18
1326.8	8993.27
1327	9018.82
1327.2	9024.27
1327.4	9041.73
1327.6	9076.82
1327.8	9100.73
1328	9096.45
1328.2	9093.91
1328.4	9089.55
1328.6	9090.18
1328.8	9119.45
1329	9121.45
1329.2	9142.73
1329.4	9147.45
1329.6	9163.73
1329.8	9161
1330	9162.73
1330.2	9179.27
1330.4	9197.27
1330.6	9213.27
1330.8	9231
1331	9225.73
1331.2	9238.73
1331.4	9242.55
1331.6	9255.64
1331.8	9242.18
1332	9245.91
1332.2	9265.82
1332.4	9275.27
1332.6	9289
1332.8	9305.09
1333	9313
1333.2	9342.36
1333.4	9360
1333.6	9357.45
1333.8	9383.09
1334	9399.55
1334.2	9422.27
1334.4	9430.18
1334.6	9436.18
1334.8	9450.82
1335	9451.36
1335.2	9471.18
1335.4	9469.45
1335.6	9451.36
1335.8	9460.82
1336	9433.18
1336.2	9433.91
1336.4	9412.91
1336.6	9404.91
1336.8	9405.91
1337	9399.45
1337.2	9416.64
1337.4	9393.45
1337.6	9381.45
1337.8	9398.45
1338	9404.91
1338.2	9414.73
1338.4	9409.09
1338.6	9437.45
1338.8	9468.82
1339	9480.45
1339.2	9478.55
1339.4	9467
1339.6	9483.91
1339.8	9478.18
1340	9458.91
1340.2	9453.18
1340.4	9455
1340.6	9464.82
1340.8	9440.36
1341	9434.64
1341.2	9424.45
1341.4	9410.82
1341.6	9409.36
1341.8	9395.73
1342	9399.18
1342.2	9400.55
1342.4	9394.45
1342.6	9390.82
1342.8	9388.91
1343	9381.18
1343.2	9376.82
1343.4	9381
1343.6	9384.64
1343.8	9361.73
1344	9378.09
1344.2	9381.27
1344.4	9399.36
1344.6	9392.09
1344.8	9388.27
1345	9393.73
1345.2	9410.82
1345.4	9383.27
1345.6	9364.91
1345.8	9367.91
1346	9373
1346.2	9353.18
1346.4	9357.27
1346.6	9361.18
1346.8	9354
1347	9366
1347.2	9348.91
1347.4	9337
1347.6	9339.27
1347.8	9345.82
1348	9336.91
1348.2	9340.64
1348.4	9344.55
1348.6	9329.73
1348.8	9304.73
1349	9309.91
1349.2	9288.36
1349.4	9293.36
1349.6	9295.45
1349.8	9296.91
1350	9284.82
1350.2	9279.09
1350.4	9271
1350.6	9258.91
1350.8	9260.45
1351	9277
1351.2	9293
1351.4	9304.18
1351.6	9290
1351.8	9292.18
1352	9307.73
1352.2	9308.18
1352.4	9328.64
1352.6	9327.09
1352.8	9362
1353	9369.91
1353.2	9357.73
1353.4	9339.73
1353.6	9337.45
1353.8	9342.45
1354	9328
1354.2	9311.64
1354.4	9304
1354.6	9278.45
1354.8	9261.45
1355	9227.64
1355.2	9234.91
1355.4	9228.64
1355.6	9225.36
1355.8	9222.18
1356	9217.36
1356.2	9222.55
1356.4	9215.09
1356.6	9222.55
1356.8	9247.82
1357	9265.82
1357.2	9268.64
1357.4	9255.91
1357.6	9254.82
1357.8	9278.91
1358	9282.55
1358.2	9287.91
1358.4	9262.82
1358.6	9260.64
1358.8	9279.55
1359	9246.36
1359.2	9239.09
1359.4	9240.45
1359.6	9246.82
1359.8	9235
1360	9229.09
1360.2	9232.55
1360.4	9228.45
1360.6	9263
1360.8	9280.36
1361	9255.45
1361.2	9265.73
1361.4	9266.55
1361.6	9253.36
1361.8	9236.55
1362	9236.45
1362.2	9228.64
1362.4	9202.36
1362.6	9188.18
1362.8	9182.73
1363	9155.45
1363.2	9156.27
1363.4	9173.55
1363.6	9169.09
1363.8	9174.82
1364	9167.18
1364.2	9172.91
1364.4	9167.73
1364.6	9195.27
1364.8	9196.91
1365	9196.09
1365.2	9204.91
1365.4	9210.45
1365.6	9187.55
1365.8	9170.27
1366	9164.55
1366.2	9171
1366.4	9171
1366.6	9154.64
1366.8	9133.55
1367	9131.64
1367.2	9106.91
1367.4	9089.82
1367.6	9067.73
1367.8	9063.91
1368	9061.27
1368.2	9039.82
1368.4	9036.91
1368.6	9039.09
1368.8	9024.09
1369	9013.73
1369.2	9004
1369.4	9003.36
1369.6	8994.64
1369.8	8994.73
1370	8987.27
1370.2	8996.36
1370.4	9012.18
1370.6	8993.64
1370.8	8969.18
1371	8972.55
1371.2	8962.27
1371.4	8964.09
1371.6	8950.09
1371.8	8936.18
1372	8931.64
1372.2	8910
1372.4	8905.55
1372.6	8869.73
1372.8	8844.45
1373	8831.55
1373.2	8806.91
1373.4	8785.64
1373.6	8755.55
1373.8	8747.18
1374	8735.36
1374.2	8708.36
1374.4	8697.64
1374.6	8682.09
1374.8	8675.45
1375	8672.64
1375.2	8675
1375.4	8689.36
1375.6	8674.27
1375.8	8671.09
1376	8672.18
1376.2	8686.73
1376.4	8694.64
1376.6	8687.73
1376.8	8680.09
1377	8688.55
1377.2	8689.73
1377.4	8676.73
1377.6	8663
1377.8	8662.64
1378	8653.27
1378.2	8644.45
1378.4	8626.73
1378.6	8612.73
1378.8	8601.64
1379	8597.64
1379.2	8574
1379.4	8548.73
1379.6	8542.36
1379.8	8532.36
1380	8538.27
1380.2	8555.82
1380.4	8547.36
1380.6	8554
1380.8	8554.18
1381	8569.09
1381.2	8557.73
1381.4	8554.64
1381.6	8540.73
1381.8	8535.82
1382	8538.82
1382.2	8538
1382.4	8529.82
1382.6	8544.91
1382.8	8532
1383	8523.09
1383.2	8529.18
1383.4	8526.82
1383.6	8530.64
1383.8	8543
1384	8545
1384.2	8544.82
1384.4	8540.27
1384.6	8534.73
1384.8	8515
1385	8511.64
1385.2	8534.18
1385.4	8519.55
1385.6	8534.18
1385.8	8524.18
1386	8548.73
1386.2	8547.45
1386.4	8555.45
1386.6	8559.73
1386.8	8569.18
1387	8568.27
1387.2	8578.73
1387.4	8558.73
1387.6	8552.27
1387.8	8529.45
1388	8539.55
1388.2	8530.55
1388.4	8509.27
1388.6	8487.55
1388.8	8474.91
1389	8451
1389.2	8433
1389.4	8410
1389.6	8415
1389.8	8399.64
1390	8408.91
1390.2	8422.73
1390.4	8427
1390.6	8436.55
1390.8	8443.73
1391	8426.36
1391.2	8436.55
1391.4	8435.45
1391.6	8446.27
1391.8	8438.55
1392	8449.82
1392.2	8439.73
1392.4	8418.18
1392.6	8409.36
1392.8	8402.73
1393	8386.82
1393.2	8401.09
1393.4	8394.55
1393.6	8390.18
1393.8	8389.73
1394	8390
1394.2	8379.27
1394.4	8381.91
1394.6	8393.45
1394.8	8389
1395	8408.64
1395.2	8397.18
1395.4	8392.09
1395.6	8368.18
1395.8	8369.09
1396	8372.18
1396.2	8354.64
1396.4	8354.36
1396.6	8344.82
1396.8	8346.45
1397	8346.82
1397.2	8305.91
1397.4	8310.64
1397.6	8318.27
1397.8	8343.18
1398	8337.27
1398.2	8316.45
1398.4	8331.09
1398.6	8342.82
1398.8	8341.36
1399	8335.27
1399.2	8339.18
1399.4	8384.45
1399.6	8389.45
1399.8	8386.73
1400	8382.27
1400.2	8398.45
1400.4	8412.45
1400.6	8395.64
1400.8	8373.55
1401	8397.45
1401.2	8388.27
1401.4	8367.73
1401.6	8346.45
1401.8	8341.91
1402	8348.64
1402.2	8351.82
1402.4	8356
1402.6	8353
1402.8	8370.82
1403	8402.36
1403.2	8408.55
1403.4	8421.55
1403.6	8445.27
1403.8	8436.18
1404	8456.18
1404.2	8444.36
1404.4	8449.45
1404.6	8452.09
1404.8	8465.27
1405	8467.64
1405.2	8452.45
1405.4	8434.36
1405.6	8424.09
1405.8	8427.45
1406	8447.64
1406.2	8464.45
1406.4	8470.91
1406.6	8479.36
1406.8	8478.73
1407	8480
1407.2	8471.27
1407.4	8482.64
1407.6	8481.55
1407.8	8490
1408	8470.73
1408.2	8466.27
1408.4	8448.45
1408.6	8466.45
1408.8	8463.55
1409	8476.91
1409.2	8477.09
1409.4	8492.73
1409.6	8477.55
1409.8	8489.36
1410	8497.55
1410.2	8527
1410.4	8541.55
1410.6	8561.09
1410.8	8556.55
1411	8573.73
1411.2	8582.09
1411.4	8597.18
1411.6	8594.82
1411.8	8618.55
1412	8632.45
1412.2	8658.09
1412.4	8658.18
1412.6	8674.82
1412.8	8667.64
1413	8663
1413.2	8662.27
1413.4	8681.27
1413.6	8673.82
1413.8	8694.18
1414	8706.91
1414.2	8700.82
1414.4	8685
1414.6	8701.45
1414.8	8704.18
1415	8717.82
1415.2	8749.55
1415.4	8739.82
1415.6	8747.27
1415.8	8768.27
1416	8779.64
1416.2	8791.64
1416.4	8810.27
1416.6	8835.55
1416.8	8845.09
1417	8845.55
1417.2	8878.45
1417.4	8888
1417.6	8916.82
1417.8	8918.82
1418	8936.09
1418.2	8944.18
1418.4	8945.55
1418.6	8955.36
1418.8	8973
1419	8994.64
1419.2	9011.73
1419.4	9012.55
1419.6	9012.18
1419.8	9022
1420	9031.73
1420.2	9041.45
1420.4	9054.36
1420.6	9077.36
1420.8	9095.45
1421	9096.64
1421.2	9110.27
1421.4	9138.18
1421.6	9140.91
1421.8	9166.36
1422	9173.91
1422.2	9183.36
1422.4	9209.73
1422.6	9236.73
1422.8	9257.36
1423	9266.45
1423.2	9280.18
1423.4	9274
1423.6	9277.73
1423.8	9298.82
1424	9319.09
1424.2	9353.82
1424.4	9369.64
1424.6	9363.55
1424.8	9360.82
1425	9356.64
1425.2	9348.82
1425.4	9350.64
1425.6	9347.55
1425.8	9358.91
1426	9366.82
1426.2	9373.82
1426.4	9383
1426.6	9418.09
1426.8	9431.64
1427	9442.64
1427.2	9471
1427.4	9518.45
1427.6	9530.64
1427.8	9576
1428	9585.45
1428.2	9612.09
1428.4	9622.91
1428.6	9637.45
1428.8	9635.09
1429	9650.36
1429.2	9675.91
1429.4	9683.55
1429.6	9694.73
1429.8	9729.09
1430	9750.73
1430.2	9769.73
1430.4	9768.91
1430.6	9800.09
1430.8	9819.45
1431	9836.36
1431.2	9861.27
1431.4	9877.45
1431.6	9877
1431.8	9878.09
1432	9882.82
1432.2	9876.91
1432.4	9872
1432.6	9888.18
1432.8	9874.91
1433	9870.18
1433.2	9862.09
1433.4	9870.09
1433.6	9889.36
1433.8	9925
1434	9943.36
1434.2	9957.18
1434.4	9968.73
1434.6	10009.3
1434.8	10019.2
1435	10038
1435.2	10058.5
1435.4	10062.9
1435.6	10088.4
1435.8	10107.3
1436	10113.5
1436.2	10136.4
1436.4	10154.1
1436.6	10167.3
1436.8	10157.8
1437	10191.1
1437.2	10207.6
1437.4	10223.7
1437.6	10265.4
1437.8	10259.9
1438	10243
1438.2	10257.3
1438.4	10254.5
1438.6	10259.6
1438.8	10282.5
1439	10301
1439.2	10299.6
1439.4	10298.1
1439.6	10302.3
1439.8	10300.1
1440	10329.6
1440.2	10356.7
1440.4	10360.4
1440.6	10360
1440.8	10397.3
1441	10405.5
1441.2	10433.1
1441.4	10427.4
1441.6	10447.1
1441.8	10457.4
1442	10469.9
1442.2	10460.1
1442.4	10465.4
1442.6	10469.5
1442.8	10495
1443	10474.3
1443.2	10473
1443.4	10459.7
1443.6	10474.7
1443.8	10472.7
1444	10477.5
1444.2	10493.8
1444.4	10492.5
1444.6	10493.1
1444.8	10509.1
1445	10512.2
1445.2	10535.8
1445.4	10538.4
1445.6	10550
1445.8	10571.8
1446	10585.9
1446.2	10589.3
1446.4	10587
1446.6	10595.9
1446.8	10596.7
1447	10582.2
1447.2	10585.1
1447.4	10576.2
1447.6	10576.1
1447.8	10578
1448	10580.7
1448.2	10602.5
1448.4	10604.5
1448.6	10614.5
1448.8	10634.4
1449	10665.8
1449.2	10703
1449.4	10721.7
1449.6	10736
1449.8	10760
1450	10763.1
1450.2	10765.4
1450.4	10744
1450.6	10774.5
1450.8	10780.3
1451	10773.7
1451.2	10766
1451.4	10758.5
1451.6	10757.5
1451.8	10732.6
1452	10721.4
1452.2	10721
1452.4	10707.8
1452.6	10724.3
1452.8	10705.5
1453	10726.9
1453.2	10741.9
1453.4	10757.2
1453.6	10768.2
1453.8	10767.2
1454	10832.4
1454.2	10851.6
1454.4	10887.7
1454.6	10900
1454.8	10904.7
1455	10931.3
1455.2	10900.8
1455.4	10892.5
1455.6	10891.6
1455.8	10903.3
1456	10895.3
1456.2	10858.3
1456.4	10876.1
1456.6	10883.5
1456.8	10903.9
1457	10905.3
1457.2	10899.6
1457.4	10905.5
1457.6	10938.1
1457.8	10934.5
1458	10929.8
1458.2	10977.3
1458.4	10983.5
1458.6	10992.8
1458.8	10986.6
1459	10995.9
1459.2	11035.2
1459.4	11050.9
1459.6	11098.3
1459.8	11090.6
1460	11113.9
1460.2	11130.1
1460.4	11106.7
1460.6	11111.6
1460.8	11097.2
1461	11099.4
1461.2	11108.3
1461.4	11101.5
1461.6	11108.9
1461.8	11081.8
1462	11094
1462.2	11111.7
1462.4	11113.3
1462.6	11144.3
1462.8	11175.2
1463	11194.6
1463.2	11208.3
1463.4	11220.1
1463.6	11207.5
1463.8	11224.7
1464	11243
1464.2	11242
1464.4	11223.5
1464.6	11212.1
1464.8	11212.4
1465	11195.7
1465.2	11195.7
1465.4	11192.2
1465.6	11177.5
1465.8	11196.1
1466	11175.6
1466.2	11180.3
1466.4	11175.1
1466.6	11181.6
1466.8	11187
1467	11192
1467.2	11208.1
1467.4	11214.5
1467.6	11221.7
1467.8	11241.7
1468	11259.2
1468.2	11279.9
1468.4	11269.4
1468.6	11279.9
1468.8	11262.7
1469	11278.1
1469.2	11261.5
1469.4	11269.4
1469.6	11281.7
1469.8	11282.7
1470	11261.3
1470.2	11243.7
1470.4	11220
1470.6	11211.7
1470.8	11218.9
1471	11247.6
1471.2	11236.1
1471.4	11234.6
1471.6	11237.5
1471.8	11223.6
1472	11226.3
1472.2	11237.8
1472.4	11245.2
1472.6	11246.7
1472.8	11283.3
1473	11277.3
1473.2	11258.9
1473.4	11279.6
1473.6	11269.5
1473.8	11246.8
1474	11234.5
1474.2	11218.5
1474.4	11216
1474.6	11223.7
1474.8	11229.2
1475	11201.1
1475.2	11196.6
1475.4	11200.1
1475.6	11180.9
1475.8	11194.5
1476	11201.4
1476.2	11204.5
1476.4	11223.1
1476.6	11208.4
1476.8	11183.8
1477	11191
1477.2	11185.7
1477.4	11167.5
1477.6	11187.4
1477.8	11198.4
1478	11202.4
1478.2	11184.7
1478.4	11230
1478.6	11198
1478.8	11201.5
1479	11171.5
1479.2	11149
1479.4	11164.5
1479.6	11178
1479.8	11138.4
1480	11083.5
1480.2	11041.9
1480.4	11039.2
1480.6	10987.4
1480.8	10988.7
1481	10972.7
1481.2	10995.8
1481.4	11015.8
1481.6	10992.8
1481.8	10978.7
1482	10993.8
1482.2	11019.5
1482.4	11050
1482.6	11055.6
1482.8	11056
1483	11043.5
1483.2	11050.7
1483.4	11057.1
1483.6	11024.5
1483.8	11018.5
1484	11010.7
1484.2	10997.5
1484.4	10992.1
1484.6	10986.2
1484.8	10978.8
1485	10957.5
1485.2	10956.5
1485.4	10934.6
1485.6	10897.9
1485.8	10890.4
1486	10896.3
1486.2	10877.5
1486.4	10877
1486.6	10887.2
1486.8	10861.9
1487	10844.1
1487.2	10854.5
1487.4	10844.4
1487.6	10848
1487.8	10844.9
1488	10837.2
1488.2	10831.9
1488.4	10830.3
1488.6	10817.1
1488.8	10771.6
1489	10772.2
1489.2	10750.4
1489.4	10714.4
1489.6	10717.6
1489.8	10707.1
1490	10703.3
1490.2	10705.4
1490.4	10696.4
1490.6	10697.6
1490.8	10672.6
1491	10676.1
1491.2	10652.7
1491.4	10659.4
1491.6	10666.7
1491.8	10652
1492	10650.5
1492.2	10636.5
1492.4	10633.5
1492.6	10612.7
1492.8	10606.4
1493	10602.8
1493.2	10596.3
1493.4	10589.7
1493.6	10580.6
1493.8	10558.9
1494	10553.5
1494.2	10533.8
1494.4	10522.3
1494.6	10495.8
1494.8	10477.3
1495	10475.9
1495.2	10480
1495.4	10494.7
1495.6	10504.7
1495.8	10484.5
1496	10508.8
1496.2	10496.6
1496.4	10496.5
1496.6	10499
1496.8	10481.7
1497	10479.9
1497.2	10453.5
1497.4	10428.1
1497.6	10401.5
1497.8	10403.2
1498	10429.3
1498.2	10403.7
1498.4	10405.4
1498.6	10400.7
1498.8	10382
1499	10394.9
1499.2	10383
1499.4	10375.2
1499.6	10385
1499.8	10403.1
1500	10370.4
1500.2	10350.5
1500.4	10331.9
1500.6	10341.5
1500.8	10310.7
1501	10319.1
1501.2	10308.5
1501.4	10307.5
1501.6	10306.2
1501.8	10294.8
1502	10281.3
1502.2	10281.8
1502.4	10284.6
1502.6	10283.5
1502.8	10255.5
1503	10272.7
1503.2	10248.3
1503.4	10242.4
1503.6	10245.9
1503.8	10255.7
1504	10232.4
1504.2	10225.9
1504.4	10222.2
1504.6	10203.8
1504.8	10203.1
1505	10192.4
1505.2	10185.8
1505.4	10211.5
1505.6	10207.7
1505.8	10209.8
1506	10196.9
1506.2	10201.7
1506.4	10199.9
1506.6	10207
1506.8	10211.5
1507	10213.7
1507.2	10226.4
1507.4	10239.7
1507.6	10237.5
1507.8	10234.9
1508	10254.9
1508.2	10249.4
1508.4	10258
1508.6	10252.6
1508.8	10221.2
1509	10224.5
1509.2	10214.4
1509.4	10195.5
1509.6	10171.5
1509.8	10138.5
1510	10134.8
1510.2	10103.4
1510.4	10104.7
1510.6	10095.6
1510.8	10091.5
1511	10107.2
1511.2	10087.5
1511.4	10082.2
1511.6	10083.5
1511.8	10081.7
1512	10094.5
1512.2	10076.1
1512.4	10057.2
1512.6	10048.4
1512.8	10051.1
1513	10044.5
1513.2	10033.7
1513.4	10021.6
1513.6	10003.5
1513.8	10012.1
1514	10016.5
1514.2	10001.5
1514.4	10004
1514.6	10013.2
1514.8	10025.7
1515	10020.1
1515.2	10010.2
1515.4	10031.7
1515.6	10031.9
1515.8	10048.9
1516	10036.3
1516.2	10005.6
1516.4	10009.5
1516.6	9998.18
1516.8	9982.09
1517	9957.64
1517.2	9948.36
1517.4	9936.36
1517.6	9917.82
1517.8	9908.18
1518	9898.73
1518.2	9870.91
1518.4	9870.73
1518.6	9870.45
1518.8	9870.73
1519	9858
1519.2	9837.27
1519.4	9828.36
1519.6	9818.64
1519.8	9823.91
1520	9814.91
1520.2	9806
1520.4	9807.36
1520.6	9807.45
1520.8	9791.09
1521	9786.64
1521.2	9806.45
1521.4	9826.18
1521.6	9824.18
1521.8	9829
1522	9816.27
1522.2	9830.36
1522.4	9822.91
1522.6	9834.82
1522.8	9849.55
1523	9849.73
1523.2	9864.27
1523.4	9850.18
1523.6	9823.18
1523.8	9809.27
1524	9789
1524.2	9778.73
1524.4	9772.36
1524.6	9774.55
1524.8	9772.73
1525	9751
1525.2	9753
1525.4	9732.45
1525.6	9723.82
1525.8	9728.91
1526	9732.82
1526.2	9749.73
1526.4	9746.36
1526.6	9738.45
1526.8	9729.64
1527	9711.91
1527.2	9721.64
1527.4	9722.18
1527.6	9721.45
1527.8	9715.55
1528	9706.64
1528.2	9706
1528.4	9695.82
1528.6	9679.64
1528.8	9687.73
1529	9675.36
1529.2	9676.18
1529.4	9658.91
1529.6	9642.27
1529.8	9626.55
1530	9624.27
1530.2	9645.45
1530.4	9656.09
1530.6	9641
1530.8	9664.27
1531	9658
1531.2	9664.45
1531.4	9664.82
1531.6	9677.36
1531.8	9694.45
1532	9701
1532.2	9698
1532.4	9690.09
1532.6	9681.36
1532.8	9704.27
1533	9689.27
1533.2	9674.64
1533.4	9681.09
1533.6	9680.18
1533.8	9676.55
1534	9657.45
1534.2	9664.18
1534.4	9675.36
1534.6	9669.82
1534.8	9662.55
1535	9658.09
1535.2	9669.91
1535.4	9685.55
1535.6	9680.55
1535.8	9684.45
1536	9683.36
1536.2	9693.36
1536.4	9677.91
1536.6	9672.27
1536.8	9680.73
1537	9680.09
1537.2	9686.09
1537.4	9674.55
1537.6	9667
1537.8	9673
1538	9660
1538.2	9670.36
1538.4	9655.64
1538.6	9681.55
1538.8	9689.45
1539	9681.45
1539.2	9693
1539.4	9694
1539.6	9710.82
1539.8	9701.64
1540	9706.09
1540.2	9709
1540.4	9699.36
1540.6	9708.73
1540.8	9681.18
1541	9686.36
1541.2	9675.27
1541.4	9652.82
1541.6	9628.55
1541.8	9610.27
1542	9636.27
1542.2	9630.82
1542.4	9646.09
1542.6	9641.36
1542.8	9629.18
1543	9630.91
1543.2	9623.55
1543.4	9644.09
1543.6	9668.18
1543.8	9692.18
1544	9695
1544.2	9685.27
1544.4	9682.45
1544.6	9680.27
1544.8	9683.91
1545	9673.18
1545.2	9707.45
1545.4	9709.27
1545.6	9696
1545.8	9689
1546	9686.64
1546.2	9652.55
1546.4	9640.91
1546.6	9633.64
1546.8	9611.55
1547	9597.36
1547.2	9615.09
1547.4	9600.45
1547.6	9603.18
1547.8	9597.45
1548	9590.73
1548.2	9581.18
1548.4	9612.27
1548.6	9591.82
1548.8	9599
1549	9587.91
1549.2	9577
1549.4	9546.82
1549.6	9534.91
1549.8	9508.09
1550	9510.18
1550.2	9492
1550.4	9482.73
1550.6	9491.09
1550.8	9490.09
1551	9471.91
1551.2	9487.45
1551.4	9488.73
1551.6	9505.55
1551.8	9474.73
1552	9468.55
1552.2	9445.73
1552.4	9455
1552.6	9437.82
1552.8	9391
1553	9374.73
1553.2	9372.91
1553.4	9358.27
1553.6	9370.45
1553.8	9353.64
1554	9377.27
1554.2	9371.91
1554.4	9363.55
1554.6	9342.64
1554.8	9349.36
1555	9352.09
1555.2	9372.64
1555.4	9353.27
1555.6	9343.27
1555.8	9323.27
1556	9324.36
1556.2	9302.82
1556.4	9298.18
1556.6	9309.36
1556.8	9311.45
1557	9299.73
1557.2	9294.82
1557.4	9267.91
1557.6	9267.27
1557.8	9275.91
1558	9270.45
1558.2	9258.27
1558.4	9262.27
1558.6	9266.09
1558.8	9268.55
1559	9268.64
1559.2	9274.36
1559.4	9288.64
1559.6	9298.73
1559.8	9285.64
1560	9257.91
1560.2	9234.09
1560.4	9245.27
1560.6	9230.27
1560.8	9211.18
1561	9174.73
1561.2	9143.27
1561.4	9114.91
1561.6	9088.55
1561.8	9080.82
1562	9087.36
1562.2	9097
1562.4	9116.18
1562.6	9102.73
1562.8	9098
1563	9105.55
1563.2	9110.64
1563.4	9114
1563.6	9128.18
1563.8	9135.64
1564	9117.09
1564.2	9111.18
1564.4	9118.73
1564.6	9134.64
1564.8	9135.55
1565	9146.82
1565.2	9159.55
1565.4	9160.64
1565.6	9178.27
1565.8	9168.73
1566	9161
1566.2	9163.73
1566.4	9163.55
1566.6	9143.27
1566.8	9110.36
1567	9101.73
1567.2	9096.36
1567.4	9070.73
1567.6	9075.64
1567.8	9080.73
1568	9072.55
1568.2	9059.91
1568.4	9047.82
1568.6	9039.45
1568.8	9021.82
1569	9005.09
1569.2	9010.82
1569.4	8996.45
1569.6	8973.36
1569.8	8967.55
1570	8929
1570.2	8900.27
1570.4	8890.82
1570.6	8898.82
1570.8	8900.27
1571	8918.82
1571.2	8945.64
1571.4	8928
1571.6	8933.55
1571.8	8959.91
1572	8938.36
1572.2	8932.73
1572.4	8929.27
1572.6	8917.18
1572.8	8896.82
1573	8861.64
1573.2	8860.64
1573.4	8833.64
1573.6	8830.82
1573.8	8815.82
1574	8782.18
1574.2	8766
1574.4	8766.45
1574.6	8770.18
1574.8	8757.09
1575	8776.55
1575.2	8799.82
1575.4	8771
1575.6	8754.82
1575.8	8729.82
1576	8704.36
1576.2	8693.36
1576.4	8685.64
1576.6	8660.27
1576.8	8657.45
1577	8655
1577.2	8619.45
1577.4	8605.64
1577.6	8591.18
1577.8	8585.45
1578	8570.45
1578.2	8583.73
1578.4	8583.82
1578.6	8589.73
1578.8	8584.55
1579	8566.82
1579.2	8568
1579.4	8558
1579.6	8543.82
1579.8	8543.55
1580	8545.18
1580.2	8549.73
1580.4	8525.55
1580.6	8514.91
1580.8	8505.91
1581	8495.09
1581.2	8499.36
1581.4	8497.18
1581.6	8496.27
1581.8	8497.36
1582	8505.82
1582.2	8495.45
1582.4	8498.91
1582.6	8498.55
1582.8	8495.55
1583	8493.27
1583.2	8503.64
1583.4	8510.09
1583.6	8495.09
1583.8	8473.73
1584	8455.27
1584.2	8418.55
1584.4	8402.09
1584.6	8372.55
1584.8	8363.82
1585	8349.82
1585.2	8330.55
1585.4	8323.36
1585.6	8294.73
1585.8	8291.27
1586	8303.27
1586.2	8299.73
1586.4	8297.73
1586.6	8292.64
1586.8	8297
1587	8277.82
1587.2	8274.27
1587.4	8275.55
1587.6	8275
1587.8	8268.73
1588	8261.55
1588.2	8241.27
1588.4	8227.18
1588.6	8228.18
1588.8	8220
1589	8226.82
1589.2	8233
1589.4	8225
1589.6	8202.09
1589.8	8184
1590	8186.64
1590.2	8180
1590.4	8189.45
1590.6	8205.27
1590.8	8199.64
1591	8200.64
1591.2	8169.18
1591.4	8173.18
1591.6	8153.64
1591.8	8159.64
1592	8151.09
1592.2	8135
1592.4	8146.27
1592.6	8140.45
1592.8	8123.73
1593	8115
1593.2	8109.82
1593.4	8129.27
1593.6	8108.82
1593.8	8121.36
1594	8091.55
1594.2	8083.18
1594.4	8071.18
1594.6	8035.64
1594.8	8014.91
1595	7988.82
1595.2	7958.45
1595.4	7927.18
1595.6	7903.09
1595.8	7875.18
1596	7843.27
1596.2	7853.09
1596.4	7847.27
1596.6	7829.64
1596.8	7817.18
1597	7801.09
1597.2	7785.27
1597.4	7803.55
1597.6	7786.91
1597.8	7783.91
1598	7781.91
1598.2	7800
1598.4	7790.09
1598.6	7789.55
1598.8	7780.82
1599	7775.18
1599.2	7781.18
1599.4	7795.18
1599.6	7786.91
1599.8	7793.91
1600	7774.73
1600.2	7768.64
1600.4	7745.18
1600.6	7744.91
1600.8	7728.91
1601	7726.91
1601.2	7728.27
1601.4	7731.09
1601.6	7714
1601.8	7695.27
1602	7705.36
1602.2	7691.55
1602.4	7682.82
1602.6	7682.45
1602.8	7668.18
1603	7668.91
1603.2	7673.73
1603.4	7664.18
1603.6	7623.82
1603.8	7613.73
1604	7611.91
1604.2	7591.82
1604.4	7590
1604.6	7587.73
1604.8	7564.27
1605	7560.82
1605.2	7551.18
1605.4	7532.55
1605.6	7509.18
1605.8	7517.73
1606	7505.18
1606.2	7487.55
1606.4	7481.73
1606.6	7479.55
1606.8	7473.09
1607	7474.45
1607.2	7469.64
1607.4	7470.73
1607.6	7468.45
1607.8	7481.73
1608	7466.91
1608.2	7460.91
1608.4	7471.36
1608.6	7468.91
1608.8	7468.73
1609	7454.09
1609.2	7448.55
1609.4	7437.73
1609.6	7428.55
1609.8	7415.64
1610	7405.09
1610.2	7401.64
1610.4	7404.45
1610.6	7400.64
1610.8	7380.36
1611	7382
1611.2	7383.09
1611.4	7388.82
1611.6	7373.64
1611.8	7347.45
1612	7334.91
1612.2	7322.45
1612.4	7293.82
1612.6	7288.45
1612.8	7282.45
1613	7292.73
1613.2	7270.91
1613.4	7268.55
1613.6	7255.64
1613.8	7236.64
1614	7240
1614.2	7223.82
1614.4	7208.73
1614.6	7238
1614.8	7221.18
1615	7194
1615.2	7157.18
1615.4	7141.45
1615.6	7132
1615.8	7124.45
1616	7139.27
1616.2	7125.91
1616.4	7130
1616.6	7128.36
1616.8	7093.55
1617	7088.82
1617.2	7075.27
1617.4	7071.36
1617.6	7069.18
1617.8	7054.27
1618	7043.55
1618.2	7032
1618.4	7015.09
1618.6	7002.73
1618.8	6997.82
1619	7008.55
1619.2	6995.91
1619.4	7007.18
1619.6	7010
1619.8	7008
1620	7000.91
1620.2	6989.91
1620.4	6975.18
1620.6	6983.36
1620.8	6981.55
1621	6979.18
1621.2	6966.91
1621.4	6971.27
1621.6	6954.45
1621.8	6946.82
1622	6946.82
1622.2	6928.45
1622.4	6928.36
1622.6	6937.91
1622.8	6925.55
1623	6939
1623.2	6928
1623.4	6922.91
1623.6	6915.82
1623.8	6892.55
1624	6866.91
1624.2	6847.18
1624.4	6850.91
1624.6	6831.73
1624.8	6814.91
1625	6816
1625.2	6798.91
1625.4	6794.91
1625.6	6778.18
1625.8	6762.55
1626	6786.36
1626.2	6820.18
1626.4	6815.73
1626.6	6817.91
1626.8	6818.45
1627	6816.36
1627.2	6793.73
1627.4	6791.82
1627.6	6777.91
1627.8	6788.82
1628	6775.18
1628.2	6763.82
1628.4	6745
1628.6	6749.55
1628.8	6755.36
1629	6759.18
1629.2	6744.55
1629.4	6745.27
1629.6	6747.73
1629.8	6757.82
1630	6755.91
1630.2	6761.82
1630.4	6750.45
1630.6	6735.45
1630.8	6711.64
1631	6684.73
1631.2	6665.27
1631.4	6663.18
1631.6	6651.55
1631.8	6616.91
1632	6607.45
1632.2	6581.09
1632.4	6591.55
1632.6	6576.55
1632.8	6557.82
1633	6556.09
1633.2	6553
1633.4	6551
1633.6	6542.27
1633.8	6526.91
1634	6537.55
1634.2	6523.91
1634.4	6531.18
1634.6	6501.18
1634.8	6509.64
1635	6525.91
1635.2	6523.27
1635.4	6526
1635.6	6526.82
1635.8	6534.09
1636	6548.36
1636.2	6537.45
1636.4	6536.18
1636.6	6528.18
1636.8	6532.55
1637	6528
1637.2	6510.45
1637.4	6522
1637.6	6517.45
1637.8	6502.82
1638	6492.18
1638.2	6499.45
1638.4	6515.64
1638.6	6512.09
1638.8	6512.55
1639	6493.82
1639.2	6492.91
1639.4	6495.91
1639.6	6473.64
1639.8	6459
1640	6452.73
1640.2	6438.09
1640.4	6432.18
1640.6	6425.91
1640.8	6422.73
1641	6412.18
1641.2	6427.27
1641.4	6430.45
1641.6	6425.82
1641.8	6419.82
1642	6420.36
1642.2	6435.45
1642.4	6450.55
1642.6	6440.27
1642.8	6418.82
1643	6400.36
1643.2	6409
1643.4	6407.73
1643.6	6391.82
1643.8	6391.18
1644	6401.45
1644.2	6418.36
1644.4	6407.64
1644.6	6396.55
1644.8	6390.09
1645	6404.55
1645.2	6426.82
1645.4	6420.27
1645.6	6409.36
1645.8	6406.82
1646	6409
1646.2	6411.55
1646.4	6398.55
1646.6	6388.91
1646.8	6386.64
1647	6400.91
1647.2	6381.73
1647.4	6365.18
1647.6	6370.73
1647.8	6377.09
1648	6373.45
1648.2	6364.55
1648.4	6361.09
1648.6	6359.64
1648.8	6359.09
1649	6353.18
1649.2	6335.27
1649.4	6342
1649.6	6336.45
1649.8	6326.55
1650	6316.91
1650.2	6317.82
1650.4	6317.45
1650.6	6286.27
1650.8	6267
1651	6254.91
1651.2	6246.45
1651.4	6235.36
1651.6	6230.91
1651.8	6231.36
1652	6221.64
1652.2	6215.73
1652.4	6203
1652.6	6200.73
1652.8	6211.73
1653	6217.91
1653.2	6223.91
1653.4	6231.64
1653.6	6225.82
1653.8	6211.36
1654	6206.18
1654.2	6216.64
1654.4	6226.82
1654.6	6227.09
1654.8	6227
1655	6230.36
1655.2	6215.91
1655.4	6202.73
1655.6	6197
1655.8	6185.91
1656	6176.73
1656.2	6174.82
1656.4	6159.36
1656.6	6136
1656.8	6135.82
1657	6126.55
1657.2	6111.18
1657.4	6106.27
1657.6	6116.18
1657.8	6109.64
1658	6115
1658.2	6121.55
1658.4	6122.55
1658.6	6129.64
1658.8	6152.64
1659	6151.55
1659.2	6144.73
1659.4	6149.27
1659.6	6151.09
1659.8	6147.09
1660	6147.27
1660.2	6159.73
1660.4	6156.27
1660.6	6169.18
1660.8	6157.73
1661	6163.09
1661.2	6169.36
1661.4	6177.36
1661.6	6177.64
1661.8	6185.82
1662	6190.73
1662.2	6182.27
1662.4	6175.55
1662.6	6181.73
1662.8	6151.27
1663	6152.09
1663.2	6131.73
1663.4	6117.73
1663.6	6117.82
1663.8	6121.64
1664	6122.09
1664.2	6127.64
1664.4	6143.64
1664.6	6164.82
1664.8	6172.91
1665	6197.82
1665.2	6209.27
1665.4	6209.18
1665.6	6207.09
1665.8	6207.36
1666	6204.45
1666.2	6210.09
1666.4	6190.18
1666.6	6192
1666.8	6166.73
1667	6155.91
1667.2	6135.73
1667.4	6118
1667.6	6133
1667.8	6151.36
1668	6140.82
1668.2	6139.27
1668.4	6121.64
1668.6	6125.55
1668.8	6107.18
1669	6116.09
1669.2	6110.09
1669.4	6110.55
1669.6	6118.64
1669.8	6095.82
1670	6088
1670.2	6089.45
1670.4	6095.64
1670.6	6103.64
1670.8	6107.73
1671	6105.55
1671.2	6109.36
1671.4	6107.45
1671.6	6108.64
1671.8	6113.18
1672	6118.09
1672.2	6112.36
1672.4	6115.27
1672.6	6118.91
1672.8	6120.55
1673	6110
1673.2	6117.82
1673.4	6112
1673.6	6117.27
1673.8	6105.18
1674	6092.73
1674.2	6091.27
1674.4	6089.09
1674.6	6098.64
1674.8	6076.73
1675	6074.36
1675.2	6078.64
1675.4	6068.91
1675.6	6062.73
1675.8	6044.45
1676	6057.55
1676.2	6058.73
1676.4	6043.91
1676.6	6034.27
1676.8	6020.55
1677	6031.18
1677.2	6034.18
1677.4	6043.73
1677.6	6050.36
1677.8	6050.73
1678	6054.18
1678.2	6054.73
1678.4	6055.82
1678.6	6069.91
1678.8	6077.55
1679	6078.55
1679.2	6072.36
1679.4	6065
1679.6	6054
1679.8	6051.64
1680	6043.55
1680.2	6045.09
1680.4	6041.27
1680.6	6042.64
1680.8	6030.64
1681	6022.45
1681.2	6026.82
1681.4	6030
1681.6	6024.36
1681.8	6035.18
1682	6041.73
1682.2	6043.45
1682.4	6044.09
1682.6	6035
1682.8	6023.27
1683	6024.64
1683.2	6017
1683.4	5993
1683.6	5981.09
1683.8	6000.73
1684	5995.18
1684.2	5981.36
1684.4	5976.73
1684.6	5985
1684.8	5987.18
1685	5995.91
1685.2	5999.55
1685.4	6019.09
1685.6	6038.18
1685.8	6042.91
1686	6020.18
1686.2	6009.45
1686.4	6023.73
1686.6	6036.18
1686.8	6033.73
1687	6035.45
1687.2	6027.55
1687.4	6018
1687.6	6010.64
1687.8	6010.55
1688	6014.91
1688.2	6027.27
1688.4	6040.64
1688.6	6039.73
1688.8	6031.91
1689	6025.82
1689.2	6018.73
1689.4	6015.73
1689.6	6040.82
1689.8	6037.55
1690	6027
1690.2	6023.18
1690.4	6008.91
1690.6	6007.64
1690.8	5994.45
1691	5987.91
1691.2	5988.36
1691.4	5998.64
1691.6	6011.45
1691.8	5992.55
1692	6012.09
1692.2	6013.91
1692.4	6014
1692.6	6014.64
1692.8	5996.64
1693	6000.18
1693.2	6003.45
1693.4	6014.64
1693.6	6018.55
1693.8	6009.09
1694	6013.09
1694.2	5990.27
1694.4	5987.64
1694.6	5994.64
1694.8	6007.18
1695	6016.64
1695.2	6013.82
1695.4	6020.82
1695.6	6019.55
1695.8	6030.27
1696	6032.45
1696.2	6019.64
1696.4	6020.64
1696.6	6018.82
1696.8	6018.82
1697	6013.91
1697.2	5997.18
1697.4	5997.55
1697.6	5973.82
1697.8	5972.09
1698	5951.45
1698.2	5943.82
1698.4	5960.18
1698.6	5965.45
1698.8	5969.36
1699	5966.55
1699.2	5967.27
1699.4	5986
1699.6	5991.64
1699.8	6010.36
1700	6008.73
